1022 2040
  -21.404075     9.216303    88.321293
  -22.126783    14.667740    87.855564
  -27.310841    19.851797    87.855564
  -27.742054    18.132068    88.067478
  -27.939650    15.209733    88.374648
  -27.939650     8.500377    89.035561
  -22.187524     8.500377    88.468999
  -28.923407     7.789425    89.008582
  -28.954607     7.485420    89.035561
  -31.330426     0.513055    88.582794
  -32.154720    -1.761178    88.277583
  -31.604738    -5.909328    87.923238
  -31.330426    -4.815544    88.057983
  -30.490155     3.463876    88.790639
  -22.825226     3.689656    88.057983
   15.026155     9.216303    77.270260
    2.663395    39.062727    77.270260
  -11.867490    44.951557    80.938212
  -12.646116    44.637002    81.214032
  -14.196886    43.086231    81.879316
  -26.071008    39.772926    84.376315
  -27.178960    37.459807    84.938806
  -27.310841    32.153665    85.832885
  -24.098368    49.380652    81.214032
  -26.071008    44.734066    82.871363
  -26.486094    44.562093    82.871363
  -27.984716    40.864148    83.804930
  -27.536923    38.345897    84.625005
  -28.029781    19.163152    87.850590
  -28.065351    19.077542    87.850590
  -32.339354    -2.091860    88.180067
  -31.872269    -8.236163    87.549751
  -31.766010    -7.855441    87.629784
  -32.209281   -14.121224    86.526655
  -31.766010   -22.129949    85.282752
  -32.789407   -32.660239    82.603230
  -34.294510   -41.123840    79.846689
  -33.294474   -41.538173    79.846689
  -32.789407   -40.348681    80.270969
  -13.416150   -30.029701    80.966849
  -31.696377   -24.928842    84.811146
  -31.976417   -26.189173    84.464034
  -11.793938   -31.652065    80.270969
   22.123166     6.203385    74.738897
   -2.446809   -35.427934    76.961131
    6.356669   -31.860211    74.738897
   67.149481     1.224309    54.358972
  103.849502     1.224309    34.742301
  100.647278    13.174996    34.742301
   68.166699    32.355330    49.356534
   60.495590    31.971443    53.511919
   51.362636     6.203385    62.084039
   28.224362    39.935253    66.051173
   17.150571    51.009044    66.051173
  -11.366191    57.463229    75.415183
  -11.447429    57.255837    75.537719
  -24.066867    52.783033    79.735758
  -24.098368    52.683406    79.784592
  -11.405680    57.529999    75.385189
  -24.067018    60.922583    75.385189
  -24.264614    61.264118    75.174180
  -26.680223    60.616921    75.174180
  -26.322712    53.471829    79.044551
  -26.733428    51.807716    79.691145
  -31.232608    47.308385    79.691145
  -31.596599    45.700491    80.219272
  -28.531231    20.392133    87.413197
  -29.579497    16.480012    87.413197
  -33.200876    -2.896259    87.604312
  -32.381556   -14.607300    86.365082
  -32.482539   -17.052150    85.882924
  -35.756204   -44.463220    78.125000
  -38.197889   -52.974600    73.476154
  -37.572848   -53.599641    73.476154
  -35.860202   -49.224655    76.059968
  -35.694861   -44.381077    78.185892
  -35.204263   -48.992092    76.278213
  -33.294474   -42.936715    79.241393
  -37.839624   -58.930199    70.588787
  -35.204263   -59.636479    70.588787
  -35.132520   -59.760372    70.512221
  -32.230232   -59.557350    70.205051
   -6.131039   -52.564035    70.205051
   -1.869848   -52.328006    69.543234
    7.582334   -59.387186    62.535449
   40.994521   -51.825049    51.563847
   59.157035   -33.662536    51.563847
   77.876915   -29.042929    44.290040
  100.775693   -30.188712    31.886284
  112.102696   -23.500005    26.789946
  116.730893    -6.227350    26.789946
  122.075469    -7.138912    22.706606
  128.739759    -7.138912    17.237384
  128.554222    -4.659397    16.984775
  127.278818     1.752587    16.984775
  122.651073     5.428979    20.182628
  118.442032    -6.227350    25.539713
  121.725796     6.435044    20.661620
  107.304334    12.897066    29.933087
   98.171682    26.564921    29.933087
   68.779230    39.570959    45.318260
   65.621469    42.728871    45.318260
   27.717788    51.905986    60.137173
   15.121260    60.322713    60.137173
  -11.777509    66.436117    68.951050
  -11.936218    66.582166    68.875388
  -24.264614    62.130463    74.541301
  -11.977365    66.633864    68.839667
  -25.440390    69.311879    68.839667
  -25.440390    66.817291    70.886914
  -26.839083    71.093856    67.148876
  -30.469807    74.344913    63.888173
  -31.622976    74.115516    63.888173
  -30.337022    68.585402    68.636495
  -30.436046    66.215160    70.348839
  -36.729713    77.771862    58.634934
  -39.364019    76.011589    58.634934
  -37.987030    71.552652    62.632665
  -32.854820    66.420442    68.995061
  -45.101223    60.905401    62.632665
  -34.138965    45.594232    78.382432
  -35.115036    31.810021    80.367732
  -41.963810    -2.620590    80.367732
  -41.716928    -2.896259    80.615367
  -41.510440    -5.657623    80.334122
  -36.842302   -29.125977    80.334122
  -47.525424   -67.298846    59.785088
  -45.298668   -70.631443    59.785088
  -42.763687   -68.096463    62.927777
  -40.610484   -63.060564    67.028751
  -40.088536   -56.911891    70.469717
  -47.076425   -76.388392    54.623940
  -46.584773   -76.716964    54.623940
  -44.162381   -74.982615    57.115664
  -42.732790   -68.834695    62.394525
  -36.878776   -66.720830    65.084899
  -37.098076   -76.387789    57.115664
  -36.878776   -76.191550    57.312506
  -28.088864   -75.534255    56.417071
   -2.229167   -70.390440    56.417071
    7.150668   -69.726211    55.066157
   12.470224   -73.534937    49.594071
   42.433909   -66.724899    39.775938
   62.057364   -53.612904    39.775938
   94.707655   -45.707726    27.010904
  101.515131   -38.900250    27.010904
  114.223645   -33.276689    20.358821
  121.004594   -23.128326    20.358821
  125.002777   -21.336853    17.788421
  126.582185   -19.619536    16.970758
  127.230738   -19.104220    16.522513
  128.428068   -13.084714    16.522513
  128.862447    -7.275918    17.114245
  129.258542    -7.275918    16.631636
  129.655391    -6.686748    16.034327
  129.663229    -6.657810    16.019255
  129.357867    -2.920224    15.670034
  129.280246    -2.430079    15.670034
  128.936601     1.587848    15.157883
  129.115357     1.922902    14.752142
  128.352255     4.976062    13.831988
  123.002254    15.476058    13.831988
  122.557325    15.788804    14.163424
  118.924038    19.837931    15.014698
  105.749494    26.070254    23.282813
   87.057497    44.762251    23.282813
   67.993671    53.254489    33.208260
   64.989796    52.402462    36.828735
   30.339434    61.675587    49.564831
   14.022653    69.989371    49.564831
  -11.070476    76.261334    57.126667
  -12.839943    75.316764    59.269923
  -13.656551    75.386548    59.374071
  -31.278427    78.177604    59.374071
  -31.278427    77.923337    59.683803
  -32.481785    79.242450    57.844251
  -40.577626    84.694037    49.638986
  -41.186239    84.597726    49.638986
  -37.966079    80.101109    55.739579
  -42.111667    84.971364    48.728780
  -48.559522    88.413235    40.919008
  -51.455028    89.821122    37.571791
  -51.490448    89.803035    37.571791
  -48.781384    85.564302    44.095006
  -48.789674    85.437394    44.206540
  -58.648200    91.833703    28.944959
  -59.647029    92.033258    27.819674
  -62.082534    89.597904    27.819674
  -54.943471    85.035571    38.806047
  -53.179581    65.193119    52.590862
  -63.398331    89.531888    26.331000
  -71.887102    72.871915    26.331000
  -67.341048    64.355411    36.646061
  -65.006978    64.018096    39.555282
  -43.413899    -2.292922    78.664130
  -76.690287     5.326941    36.646061
  -76.775143     4.288170    36.743125
  -73.347139    -0.802591    41.902766
  -72.028328    -2.292922    43.797181
  -61.683575   -67.607824    43.797181
  -61.627959   -68.256830    43.714435
  -51.269189   -69.285955    55.131419
  -62.905623   -70.650283    40.815463
  -56.171397   -83.866879    40.815463
  -52.348202   -81.423537    46.699319
  -52.126039   -81.438006    46.894201
  -56.254143   -84.158525    40.464131
  -54.859369   -85.553148    40.464131
  -53.566030   -85.186293    42.022891
  -52.037415   -82.794497    45.703805
  -49.700331   -82.586653    47.327374
  -52.140056   -85.912920    42.022891
  -49.917219   -84.726291    44.715224
  -49.662651   -82.965415    46.910027
  -37.704427   -79.071381    53.962726
  -38.955263   -86.462600    44.715224
  -37.704427   -86.564789    44.832033
  -35.169447   -88.271707    42.262839
  -20.507887   -87.073624    40.893235
   -1.767357   -84.105320    40.893235
   11.533039   -82.967827    39.197771
   14.620112   -84.615511    35.458829
   36.640486   -79.111774    28.823025
   58.200105   -68.126456    28.823025
   80.886366   -62.055103    20.484372
   94.433946   -49.898982    23.332702
  102.640115   -46.243389    19.060207
  115.703276   -33.180077    19.060207
  119.631072   -31.322136    16.595312
  125.084920   -25.244000    15.317346
  125.284023   -24.500191    15.590755
  127.016111   -21.100523    15.590755
  127.522384   -19.075281    16.201025
  128.236200   -18.129957    15.609896
  128.617826   -13.667553    16.178718
  128.862447   -12.123113    16.178718
  129.977332    -5.932991    15.253139
  130.023905    -5.623259    15.089606
  129.700155    -1.933904    14.786657
  129.669107    -1.698327    14.786657
  129.323955     1.886276    14.397193
  129.614696     2.899726    13.093906
  129.478746     6.884796    10.315059
  128.721824     9.682484     9.577730
  128.581804    10.020551     9.577730
  127.232396    14.586953     8.092825
  127.478373    17.175591     4.481694
  127.114382    18.695162     3.184437
  124.802167    23.555169     0.892268
  117.340109    33.279854     0.892268
  115.883840    36.090956    -0.721354
  114.313777    37.661020    -0.721354
  104.594969    42.695561     4.857442
   88.349178    55.161414     4.857442
   72.486973    62.708178    12.338642
   66.133469    62.104690    21.201353
   36.057647    70.992119    30.981956
   21.660904    76.955405    30.981956
   -6.485385    84.570295    38.399853
  -12.238113    82.919897    45.798910
  -16.455897    83.325940    46.257103
  -37.849421    86.142468    46.257103
  -40.976133    86.416932    46.513932
  -41.364693    86.579861    46.121001
  -51.051246    90.776996    35.882959
  -52.007572    90.651144    35.882959
  -56.582113    91.739653    30.687296
  -60.187817    92.774052    26.049754
  -60.818736    92.941805    25.262838
  -60.932682    92.894629    25.262838
  -62.394376    92.947683    23.458705
  -63.765035    93.077907    21.546655
  -67.562005    93.254703    16.547684
  -66.742684    92.435231    18.890193
  -66.771472    92.190460    19.147475
  -67.684089    93.281380    16.317231
  -72.696626    92.577060     9.082913
  -74.407011    92.276823     6.688856
  -75.227838    91.681022     6.100591
  -76.195770    90.419485     6.100591
  -75.877899    90.276300     6.792552
  -75.154889    74.386362    20.193179
  -79.265058    88.992909     1.554236
  -81.461519    86.658538    -0.701459
  -87.437013    72.232706    -0.701459
  -88.606007    70.883600    -2.373108
  -91.903185    65.029888    -6.520354
  -93.154925    63.047904    -8.374075
  -98.824908    19.980664    -8.374075
  -99.772643     9.182692    -7.487532
  -97.651844     4.288170    -2.314327
  -97.510769     2.681482    -2.446208
  -91.400379   -43.731770    -2.446208
  -90.884309   -44.961655    -1.783788
  -86.406080   -52.052487     4.848098
  -81.168667   -61.350782    11.435671
  -74.489304   -69.058516    20.987329
  -63.593515   -70.969210    39.523480
  -72.209796   -74.561500    20.987329
  -66.328050   -80.812513    27.027181
  -65.248735   -81.643891    28.375684
  -64.103405   -82.176088    30.072203
  -61.484171   -84.242476    32.452242
  -57.439415   -85.092695    37.939852
  -61.390271   -84.364862    32.452242
  -59.699480   -85.592185    33.663890
  -59.100062   -85.875240    34.281998
  -57.445293   -86.107802    36.670327
  -57.333006   -85.995515    36.991212
  -55.388702   -86.224762    39.034088
  -56.562368   -86.785294    36.670327
  -56.241181   -86.938126    36.821802
  -55.416736   -86.859751    37.971956
  -55.306559   -86.615281    38.504152
  -52.404421   -86.483249    40.951715
  -52.945058   -87.883600    37.971956
  -52.119709   -88.106969    38.189446
  -50.741212   -88.883334    37.212923
  -49.082374   -89.043099    37.393035
  -35.561322   -90.823117    37.393035
  -35.169447   -90.857481    37.425290
  -27.887199   -94.012830    29.728408
  -26.223839   -94.308847    28.764847
  -10.512204   -92.929898    27.474974
   -1.949127   -91.802503    27.474974
   13.622639   -90.302978    25.783128
   16.420929   -91.105870    22.184056
   33.072311   -86.600812    17.795505
   49.716308   -79.706671    17.795505
   66.317952   -74.800845    12.396670
   80.408580   -64.328582    17.399862
   85.905836   -61.713267    14.807155
  106.688186   -45.766356    14.807155
  108.623145   -44.763909    13.696339
  119.223220   -34.163834    13.696339
  119.317571   -33.981763    13.800940
  124.945654   -26.647064    13.800940
  125.671979   -25.120560    14.520935
  126.512099   -23.990150    14.119564
  127.062835   -22.126482    14.725615
  127.819757   -20.298987    14.725615
  128.415106   -18.098607    15.305439
  128.573514   -17.817512    15.106336
  129.050697   -12.861798    15.644713
  129.238948   -11.431302    15.644713
  130.197385    -4.756160    14.195829
  130.179147    -3.281654    13.707945
  129.919756    -0.450958    13.512007
  129.743412     1.644670    13.205892
  129.530745     8.667075     8.071573
  128.992820    12.019266     5.962531
  128.536889    13.627763     5.607733
  128.212537    14.841973     5.118190
  126.179458    24.376901    -4.961293
  126.166646    24.410964    -4.988122
  124.053534    28.645327    -6.680571
  123.458035    29.592911    -6.680571
  120.875426    34.254418    -8.969423
  120.650852    34.837257    -9.906156
  119.285920    36.632196   -11.030084
  113.219390    42.698576   -11.030084
  112.165245    43.500262   -10.370076
  108.097882    46.899931   -11.011696
   96.436277    53.361200    -5.285344
   89.429849    57.763617    -5.285344
   73.789807    65.568717     0.965669
   71.044269    66.020579     4.901754
   38.854129    76.149197    13.681418
   29.724943    79.343584    13.681418
    0.945625    87.502125    20.030098
   -7.365295    87.259765    30.491660
  -20.914080    88.650168    31.700444
  -39.965698    90.796740    31.700444
  -51.245224    91.830688    32.481180
  -51.245224    91.449966    33.736387
  -58.854839    93.352822    24.637195
  -60.946699    93.117094    24.637195
  -62.297010    93.146786    23.023874
  -67.723729    93.305043    16.192886
  -69.977916    93.182206    12.492830
  -72.457733    92.774203     8.937617
  -73.710829    92.551136     7.193019
  -73.729669    92.546916     7.169506
  -74.164500    92.440054     6.655396
  -74.412286    92.284359     6.655396
  -68.646294    93.412658    14.315050
  -78.164642    90.838942     0.624135
  -78.252512    90.772173     0.569272
  -78.575207    90.449328     0.569272
  -79.026617    90.063934     0.211008
  -80.801661    88.872784    -2.962428
  -81.897404    87.657970    -3.989895
  -82.926228    86.020535    -3.989895
  -85.447342    82.787865    -7.227990
  -88.279394    77.846469    -9.379385
  -90.367637    74.432181   -12.346634
  -94.505990    62.605838   -12.346634
  -95.794054    59.997155   -15.249676
 -100.375679    47.581944   -24.305461
 -101.842498    42.070219   -26.583311
 -101.946194    41.060387   -26.493180
 -104.515991    18.251589   -26.493180
 -105.201924    10.770691   -25.975302
 -104.884203     9.182692   -24.338469
 -104.598737     6.068791   -24.554000
 -102.036476   -16.671880   -24.554000
 -101.086480   -20.330186   -22.780916
 -100.964999   -20.646701   -22.498012
  -95.538431   -35.351819   -11.771784
  -89.117706   -50.010666    -1.783788
  -88.952967   -50.344966    -1.625531
  -87.558947   -52.949429    -0.022610
  -81.381636   -63.049260     8.754792
  -81.068136   -63.492833     9.280357
  -79.904719   -65.073597    10.673625
  -72.758422   -74.237148    19.852699
  -72.615990   -74.384553    20.075315
  -69.253550   -78.112492    23.228705
  -66.532880   -80.675055    26.661080
  -63.273383   -83.330613    29.943487
  -62.309370   -84.026643    30.933575
  -60.816626   -85.161876    31.868197
  -58.058880   -86.452200    34.793244
  -57.630681   -86.721238    34.793244
  -55.975912   -87.547040    35.454609
  -55.964909   -87.553370    35.449786
  -55.260589   -87.775081    35.641956
  -50.566376   -89.417490    35.641956
  -49.560010   -89.914569    34.521946
  -43.794319   -92.042150    30.316371
  -43.136572   -92.294608    29.728408
  -24.800277   -94.658822    27.082647
  -15.290671   -96.560924    17.280189
   -3.198305   -95.452369    16.442933
    2.322313   -94.830342    16.442933
   15.649990   -93.462547    15.254043
   17.982703   -93.530673    12.317692
   29.488311   -90.268915     9.779546
   41.038683   -86.227324     9.779546
   55.147247   -81.787981     5.931482
   65.978528   -75.580074    10.647248
   70.676509   -73.235605     8.769563
   90.719571   -60.641639     8.769563
   93.795038   -58.937735     7.259336
  107.570659   -47.423386     9.432586
  107.700581   -47.271308     9.553314
  119.608463   -35.363425     9.553314
  121.024791   -33.500962    10.719444
  123.192012   -30.908256    10.310537
  124.537953   -28.478930    11.503345
  126.551588   -25.274295    11.503345
  127.017619   -24.340426    11.876682
  127.118752   -23.725936    12.757647
  127.753741   -21.707778    13.308081
  128.158729   -20.550541    13.308081
  128.816627   -18.229886    13.819931
  128.802309   -17.742604    14.433215
  129.363595   -12.273231    14.921251
  129.537828   -10.727434    14.921251
  129.743412     5.517905     9.332507
  129.617259     7.843534     8.126888
  127.666926    18.471190    -1.047967
  126.819722    22.346083    -4.692708
  126.587460    23.111445    -4.692708
  124.571563    28.210797    -9.901333
  123.790224    29.911687   -11.341324
  122.806768    31.751692   -11.341324
  121.438069    34.156148   -12.281372
  121.362256    34.269189   -12.456209
  120.414068    35.540221   -13.444488
  118.547084    37.815207   -13.444488
  118.144659    38.271290   -13.736435
  115.600484    40.815465   -13.736435
  114.063278    42.171504   -12.752376
  110.518314    45.080876   -12.752376
  109.496575    45.874423   -12.284085
  108.054474    46.950121   -11.163020
  100.047257    51.981347   -11.163020
   90.986348    57.138877    -7.620619
   85.507178    60.067542    -7.620619
   79.271087    63.254090    -5.967508
   73.365075    65.967224    -0.967030
   52.354683    73.319105    -0.967030
   39.830501    77.357680     1.691995
   16.386263    84.469462     1.691995
    0.538376    87.934544    16.598477
  -21.944109    90.467716    16.598477
  -25.073987    90.796740    16.808733
  -59.010534    94.139135    16.808733
  -59.010534    93.596388    22.320157
  -63.106685    94.139135    12.712431
  -68.618109    93.596388    12.712431
  -68.632126    93.594880    12.711527
  -68.711707    93.510326    13.381935
  -76.482894    91.644095     1.909033
  -78.115507    90.958766    -0.201968
  -78.099983    90.913700     0.398505
  -74.941016    92.181567     5.138387
  -78.713870    90.627480    -1.864725
  -80.208121    89.623526    -4.177844
  -80.496903    89.386592    -4.177844
  -80.486955    89.376645    -3.990799
  -81.996579    87.886765    -6.975834
  -82.887040    86.801874    -6.975834
  -84.941823    84.047142    -9.117432
  -85.469950    83.261281   -10.334054
  -88.524316    77.895002   -12.431943
  -90.385271    74.413492   -12.431943
  -94.886712    64.614802   -20.728092
  -95.272860    63.694950   -21.917434
  -98.899816    52.447075   -24.305461
 -103.930289    32.521877   -35.564489
 -104.515991    27.322899   -35.564489
 -104.815474    24.473664   -35.755905
 -106.124941    11.178543   -35.755905
 -106.124941    10.770691   -35.347903
 -105.004027    -0.611024   -35.347903
 -104.598737    -4.466172   -35.089114
 -104.485546    -5.471633   -35.089114
 -100.542376   -22.123618   -22.780916
  -98.503118   -28.447580   -21.438140
  -96.868546   -32.816839   -18.004409
  -95.304210   -36.543572   -13.185700
  -84.185654   -58.875940     2.294277
  -75.844891   -70.516142    14.904973
  -73.158134   -73.891393    18.646628
  -70.787590   -76.578301    20.366659
  -64.127219   -82.797361    28.201149
  -63.845822   -83.028417    28.201149
  -62.038674   -84.376467    29.606022
  -60.743074   -85.246883    31.611670
  -59.401655   -86.010436    32.136029
  -55.236775   -88.236589    32.136029
  -53.097588   -89.219292    30.324812
  -51.479746   -89.898442    28.232951
  -42.959022   -92.483160    28.232951
  -33.009008   -94.658822    18.873916
  -30.390830   -95.196897    16.029052
  -29.008263   -95.342192    15.936208
  -15.290671   -96.693257    15.936208
   -5.104024   -96.693257     5.749411
    7.495217   -95.452369     5.749411
   12.820952   -94.892590     5.391749
   17.160669   -94.403500     5.391749
   19.225550   -93.952090     3.449555
   34.823692   -89.220498     3.449555
   35.900595   -88.873236     3.220911
   54.387310   -82.404431     3.220911
   54.589277   -82.311586     3.391980
   73.743837   -72.073243     3.391980
   74.153799   -71.839926     3.552196
   92.732152   -60.166415     3.552196
   92.805704   -60.111402     3.494922
  110.433458   -45.644724     3.494922
  110.469028   -45.613374     3.517681
  117.050875   -39.031528     3.517681
  117.964245   -37.996224     4.180553
  123.923613   -30.734775     4.180553
  124.660790   -29.637675     5.878880
  125.133904   -28.806297     6.203835
  126.395140   -26.446756     6.203835
  127.491185   -23.835812     9.579841
  127.547253   -23.661729     9.616918
  127.928427   -22.405316     9.616918
  128.847827   -18.200344    13.571994
  128.886411   -17.857453    13.571994
  129.537828   -11.660549    13.988136
  130.038977    -6.571748    13.988136
  127.666926    16.527640    -2.991668
  125.665950    23.432331   -13.845557
  125.424193    23.872437   -15.048313
  125.032017    24.301390   -16.920874
  122.832240    30.587671   -16.920874
  122.763511    31.005772   -16.321455
  122.295974    31.942655   -15.947064
  120.531933    34.749989   -15.947064
  119.799729    36.071664   -15.298058
  119.195035    36.795126   -15.412154
  118.476396    37.739998   -14.820422
  116.484313    39.732080   -14.820422
  115.512011    40.870629   -13.916698
  111.065432    44.587415   -13.215241
  100.926715    51.259241   -12.284085
   99.519883    52.193110   -11.954307
   95.005933    54.623340   -11.756259
   67.948153    66.816839    -9.055787
   45.536958    74.658866    -9.055787
   33.359586    78.110985   -11.742092
   16.523118    84.324016     0.538676
   -9.036492    86.947018    -1.741435
  -40.283871    90.467716    -1.741435
  -63.106685    92.560028    -3.321295
  -63.171797    92.546916    -3.388366
  -64.466341    92.228743    -4.918488
  -77.168827    90.797494    -4.918488
  -77.214947    90.866524    -4.259384
  -78.717337    90.571261    -2.476955
  -78.948392    89.861214    -7.344046
  -79.464914    89.680499    -7.344046
  -79.549921    89.789922    -6.266539
  -80.178429    89.537766    -5.323476
  -81.042513    88.245783   -10.274820
  -81.173038    88.388064    -8.792025
  -81.988591    87.878777    -7.127459
  -81.126314    88.076373   -10.739946
  -82.326960    86.287311   -13.938402
  -84.072915    84.541356   -13.938402
  -84.231926    84.332306   -14.069228
  -85.830626    80.181744   -20.740301
  -86.284598    79.362424   -21.142726
  -90.854467    72.089521   -21.142726
  -94.783770    64.215993   -24.289485
  -95.682219    58.755965   -32.117343
  -98.223078    50.680622   -34.319833
 -100.558654    44.006083   -34.319833
 -103.772031    32.670941   -36.820298
 -103.587247    26.336880   -44.793452
 -103.683407    25.399846   -44.877103
 -104.815474    15.352466   -44.877103
 -105.198156    11.178543   -45.166035
 -105.158215    10.978686   -45.372071
 -105.004027     9.296637   -45.255564
 -104.025243     0.610270   -45.255564
 -104.210178    -5.730874   -37.273517
 -102.755567   -10.862028   -36.141601
 -100.190744   -18.191753   -36.141601
  -92.370873   -41.829517   -14.402322
  -88.447750   -48.073145   -14.402322
  -87.868829   -49.117945   -13.889266
  -84.072312   -58.974059     1.952140
  -78.372637   -66.468673     6.644996
  -69.917175   -74.923984     6.644996
  -67.675498   -78.264721    12.617326
  -67.825466   -78.428253    14.321682
  -53.409732   -87.228415    12.617326
  -53.771764   -87.694596    17.202266
  -51.483213   -89.842072    27.618461
  -46.761719   -88.322350     3.086166
  -31.706777   -93.590208     3.086166
  -31.788468   -93.712443     4.252598
  -23.817273   -93.360207    -6.844857
   -6.227350   -95.342192    -6.844857
   -5.104024   -95.445134    -6.922629
   -4.294501   -95.283260    -7.757022
   -0.032857   -94.892590    -7.462060
   15.528509   -93.139250    -7.462060
   18.947469   -92.788371    -7.157000
   20.284668   -92.827257    -5.473746
   30.464834   -89.941397    -3.227999
   42.233149   -85.823542    -3.227999
   55.036919   -81.794763     0.264062
   65.167044   -75.988679    -4.146344
   70.009718   -73.572015    -2.210781
   92.304405   -59.563379    -2.210781
   94.178021   -58.525362    -1.290779
  107.090310   -47.732666    -3.327776
  108.858421   -45.662208    -4.971241
  119.648706   -34.871923    -4.971241
  120.924863   -33.193793    -6.021919
  123.811778   -30.696191     2.688564
  121.037602   -32.900790    -6.492923
  124.141254   -27.961354    -6.492923
  124.535692   -27.744014    -4.789019
  124.887174   -28.016970    -1.331474
  126.358515   -26.449017     5.805178
  126.665835   -24.885736     3.950553
  127.739573   -22.583167     8.118297
  128.886411   -15.611255    11.325795
  122.105764    19.057647   -28.563487
  122.874744    24.251501   -24.099124
  122.946487    24.303801   -23.843501
  124.958314    24.242307   -17.233922
  120.332528    15.408685   -35.488827
  120.458230    16.694488   -34.582239
  120.921245    18.640601   -32.371912
  122.479251    24.070786   -25.387489
  122.654238    30.535371   -17.573044
  121.464746    26.520308   -25.387489
  121.456607    26.594011   -25.325844
  121.863705    30.879619   -19.347787
  120.980177    32.736956   -18.471795
  119.808018    34.264366   -18.471795
  118.332759    37.112394   -16.837073
  118.053322    37.391831   -16.837073
  116.617852    39.369294   -15.419841
  109.515264    44.819375   -15.419841
  109.407046    44.956531   -15.295194
   81.749698    58.540585   -16.067188
   60.980310    67.143603   -16.067188
   38.282895    73.284288   -22.049013
   34.183127    75.593639   -19.144464
   -4.686376    79.336650   -23.367372
  -34.195938    83.221641   -23.367372
  -64.288792    85.862730   -25.837995
  -64.466341    86.478878   -23.872891
  -78.985922    88.628917   -11.392569
  -66.899887    84.448964   -29.126431
  -78.269544    82.952152   -29.126431
  -79.769070    86.235313   -18.430799
  -80.573770    86.197632   -17.621125
  -78.354400    82.865336   -29.267807
  -79.383073    82.439247   -29.267807
  -81.117723    84.948455   -20.425595
  -81.341544    84.898566   -20.144952
  -80.486653    80.064935   -32.784737
  -80.979361    79.686927   -32.784737
  -82.645886    81.353602   -26.002884
  -81.901172    73.125880   -42.253649
  -90.031378    62.530478   -42.253649
  -90.819499    60.874051   -43.034837
  -90.374872    56.192649   -49.564835
  -92.511496    48.962400   -51.916086
  -99.043152    33.193491   -51.916086
 -100.637029    27.302099   -53.468817
  -99.842728    24.533500   -57.029908
 -100.015304    22.740219   -57.224640
 -101.550701    11.077861   -57.224640
 -101.562759    11.077861   -57.187562
 -101.906705    10.978686   -56.090462
 -103.444665     0.592485   -47.163092
 -101.089494    10.226135   -58.297323
  -99.973554     1.749271   -58.297323
 -100.468674     0.023211   -56.077500
 -100.984592    -0.212366   -54.396808
 -100.142211   -18.177435   -36.319603
  -94.122405   -15.297905   -56.077500
  -93.760222   -16.523721   -55.678842
  -94.119089   -20.302454   -50.407970
  -94.561456   -20.608116   -48.849361
  -73.841655   -46.728410   -50.407970
  -73.176221   -48.013158   -49.670491
  -72.756311   -51.001207   -45.358205
  -75.444576   -53.689471   -34.419158
  -68.411922   -72.802583    -2.836425
  -47.376511   -70.475748   -45.358205
  -46.306240   -72.778618   -41.946931
  -49.268666   -77.063925   -26.846320
  -45.795596   -85.037531    -8.944253
  -30.246439   -79.430851   -41.946931
  -27.372938   -81.920917   -38.385991
  -25.052735   -84.294174   -34.517429
  -25.820057   -85.974263   -29.044589
  -23.859927   -91.965282   -11.427536
  -13.895143   -85.763103   -34.517429
   -7.040340   -89.474764   -25.884869
   -4.294501   -90.664558   -22.982731
   -2.341756   -90.493188   -22.822364
   10.125001   -88.851833   -22.822364
   14.808664   -88.400875   -22.313529
   19.904549   -89.863022   -15.759265
   33.283924   -86.243150   -12.232991
   51.815553   -78.567068   -12.232991
   65.850415   -74.419822    -7.669001
   82.692610   -61.902573   -13.649017
   83.481033   -61.527428   -13.277187
  110.707922   -40.635654   -13.277187
  113.931095   -36.195105   -16.459214
  115.650523   -34.475677   -16.459214
  120.659744   -32.632657    -8.182056
  117.473045   -30.957541   -18.478879
  120.928932   -26.453689   -18.478879
  121.739059   -27.013619   -15.624369
  121.863705   -27.223573   -14.966170
  124.014347   -27.856150    -7.089929
  121.832506   -25.019576   -17.630771
  120.546251   -22.423554   -24.100330
  118.854556   -15.418784   -33.598481
  118.616868   -14.590570   -34.663628
  118.119790   -12.501725   -37.036131
  117.574631    -6.925641   -40.967394
  117.536800    -5.970069   -41.470049
  117.558353    -5.746700   -41.494315
  118.631488   -12.993980   -35.264855
  117.738465    -2.791207   -41.998176
  117.771322    -2.418172   -42.028773
  118.062817     4.707175   -42.689836
  117.928826     6.346721   -42.536703
  117.928374     6.361642   -42.533990
  119.630017    13.039950   -37.705484
  119.808169    13.406354   -37.281958
  117.835529     7.445630   -42.395779
  118.639929    11.135738   -39.965549
  118.721770    11.338458   -39.766145
  121.225401    25.323280   -26.736143
  119.385095    18.800516   -34.582239
  119.380271    18.818904   -34.575456
  120.444062    28.867038   -24.142381
  114.095231    35.216020   -24.142381
  112.771446    38.014159   -22.386327
  110.521329    40.033221   -21.913213
   95.287631    44.110080   -27.512508
   68.178154    57.923080   -27.512508
   39.729669    65.033656   -36.085532
   38.665577    64.465588   -37.374199
   -9.201532    68.559780   -43.476450
  -32.498968    72.249737   -43.476450
  -66.639139    75.039738   -46.665561
  -66.899887    76.167585   -44.619671
  -78.081745    79.016820   -36.534983
  -69.231996    72.745459   -49.961533
  -76.443255    71.603294   -49.961533
  -78.575207    76.203005   -41.322041
  -78.750495    76.210993   -41.174183
  -76.864520    70.789851   -50.871438
  -77.803966    70.311161   -50.871438
  -79.530176    72.501442   -46.206916
  -81.092553    72.317260   -44.565562
  -78.074360    64.918505   -56.971729
  -78.529237    63.957205   -57.575066
  -82.551685    59.934606   -57.575066
  -83.582619    57.620432   -58.779932
  -83.298358    56.618286   -59.987812
  -85.630920    47.902227   -63.191543
  -91.903034    35.592672   -63.191543
  -93.944102    27.426293   -65.652369
  -95.561642    25.284092   -64.312758
  -96.081178    19.209875   -65.087164
  -97.244445    11.865681   -65.087164
  -97.378436    10.226135   -65.240297
  -97.262381    10.053710   -65.414983
  -99.367504     1.792076   -59.441749
  -96.659797     9.372752   -66.280575
  -95.616203     2.783219   -66.280575
  -95.473018     1.109158   -66.067154
  -93.833472    -1.061982   -67.424851
  -93.529920    -2.276644   -67.058900
  -86.444212   -16.183242   -67.058900
  -85.911563   -18.173516   -66.327299
  -80.834367   -23.831742   -67.516941
  -77.763573   -27.975823   -67.340447
  -77.270714   -28.695668   -67.244136
  -76.949829   -29.183251   -67.158225
  -75.535008   -32.359249   -65.504662
  -61.773103   -46.121003   -65.504662
  -61.525770   -46.418075   -65.445730
  -60.952275   -47.183136   -65.217387
  -59.569408   -49.327598   -64.310347
  -59.424565   -49.633713   -64.118328
  -52.325896   -56.003343   -62.625735
  -49.206719   -60.440728   -59.319514
  -47.186150   -70.053126   -46.278208
  -45.280129   -62.441401   -59.319514
  -39.547748   -67.453486   -56.142009
  -37.982659   -69.634271   -54.040050
  -35.107199   -71.805562   -52.241795
  -30.905543   -75.672165   -48.341129
  -28.373576   -76.073234   -48.341129
  -22.551365   -78.832789   -45.125944
  -20.919657   -80.276548   -43.051868
  -13.895143   -85.006784   -35.932249
   -7.133486   -84.454240   -35.300576
    2.692635   -82.897892   -35.300576
   15.254648   -81.823551   -33.699163
   15.901544   -82.168703   -32.915865
   33.623348   -77.739307   -27.575359
   72.759778   -57.798283   -27.575359
   84.198767   -54.736983   -23.370839
  103.491840   -37.425292   -27.427049
  105.248044   -33.712877   -29.757049
  118.738048   -20.222722   -29.757049
  119.050041   -19.522471   -30.121643
  119.657749   -19.796332   -28.798612
  118.779798   -18.170954   -31.644079
  117.565588   -13.890772   -36.802966
  117.735300   -13.256235   -37.036131
  117.055999    -3.764112   -42.922700
  117.273038    -1.227323   -43.246148
  117.298660    -1.065147   -43.246148
  117.613969     2.791960   -43.606372
  117.833871     3.118724   -43.275237
  117.233549     2.791960   -44.069991
  117.147185     3.946636   -43.952277
  116.895330     5.212544   -43.952277
  116.836097     6.049649   -43.831700
  115.469959    15.879991   -39.965549
  114.780410    18.727869   -38.852172
  115.147717    19.095327   -38.289831
  102.521798    21.696022   -43.644806
   72.066159    42.045802   -43.644806
   46.139542    47.938249   -52.140058
   39.721078    53.841247   -49.083733
   -9.313518    57.313563   -56.146229
  -30.683832    61.564354   -56.146229
  -68.039339    64.357822   -59.951790
  -68.972756    65.193571   -59.113478
  -69.231996    66.340862   -57.765427
  -76.566695    68.729341   -53.439728
  -76.372717    63.721628   -59.113478
  -76.955104    64.819029   -57.749300
  -76.410699    63.545133   -59.252142
  -77.339745    61.471661   -60.585120
  -78.753208    60.527242   -60.585120
  -80.031475    57.638217   -62.097307
  -80.894656    56.775187   -62.097307
  -82.204725    51.363842   -64.212981
  -82.434273    50.763971   -64.370183
  -85.480048    46.205558   -64.370183
  -86.768112    40.538439   -66.227220
  -89.075956    35.153922   -66.733040
  -92.816104    28.547810   -66.298511
  -93.837843    27.436844   -65.769479
  -94.433493    19.025845   -66.980977
  -95.035625    15.998759   -66.980977
  -95.531046     9.372752   -67.655906
  -94.863350     8.627133   -68.325712
  -94.648573     5.754688   -68.033011
  -93.995196     2.469869   -68.033011
  -93.744396    -1.070874   -67.523121
  -92.745415    -2.157122   -68.040396
  -88.277435   -10.048586   -68.559480
  -86.761179   -13.586315   -68.226989
  -86.367344   -15.319006   -67.659373
  -82.110223   -21.690295   -67.659373
  -68.071895   -38.061185   -67.158225
  -57.506185   -50.706245   -64.310347
  -53.878927   -53.952178   -63.555686
  -52.214663   -55.993546   -62.703055
  -50.158825   -57.464737   -62.211101
  -46.724190   -60.623703   -60.575474
  -39.525894   -67.457706   -56.142009
  -34.020197   -70.882243   -53.523076
  -33.664344   -71.335613   -53.092767
  -12.174207   -78.056726   -44.068785
   -1.118050   -75.857552   -44.068785
   15.967560   -74.647712   -41.607959
   29.461332   -62.237476   -48.033356
   32.882101   -60.300708   -48.258383
   52.009230   -55.953605   -41.991092
   99.007883   -24.550080   -41.991092
  105.956133   -22.867729   -39.274493
  114.749210   -14.074652   -39.274493
  115.539593   -10.810180   -40.550800
  117.285548    -8.197126   -40.550800
  116.503003    -2.991666   -43.717303
  116.648750    -0.933115   -44.013771
  116.849210     0.074155   -44.013771
  117.035953     2.571304   -44.268189
  116.518075     2.571304   -44.693223
  116.244516     2.826626   -44.875897
  116.210302     3.315415   -44.824200
  115.462273     6.107074   -44.824200
  114.679728     6.569186   -45.176284
  114.174058     6.543864   -45.450145
  104.229772     8.998058   -49.314186
   92.391673    20.836157   -49.314186
   67.874299    26.385111   -57.364961
   59.008424    31.473310   -57.986083
   46.283782    44.481910   -54.637057
    0.703265    47.006641   -61.715681
  -21.431959    52.937673   -61.715681
  -62.407338    55.804542   -66.051931
  -63.363514    56.338397   -65.769781
  -68.039339    61.345959   -62.423468
  -69.950183    61.212270   -62.221350
  -76.874317    59.356891   -62.221350
  -77.429424    59.326144   -62.135138
  -79.153373    57.563760   -62.588809
  -80.184910    53.383657   -64.212981
  -83.433706    46.348442   -65.820122
  -93.231190    21.055457   -67.462079
  -94.055485    17.978935   -67.462079
  -94.709765     8.627133   -68.451715
  -93.993538     7.958233   -68.930405
  -93.672050     3.364701   -68.444329
  -92.889354     0.443723   -68.444329
  -68.271149   -37.695384   -67.244136
  -47.382842   -58.208546   -62.211101
  -46.113316   -60.403047   -60.856268
  -18.000639   -69.761329   -51.827764
    5.028212   -63.590802   -51.827764
   58.935776   -33.665399   -55.115446
   67.228911   -28.905773   -54.534416
   89.892865   -23.776428   -47.092253
  108.337227    -5.331915   -47.092253
  114.936406    -3.703372   -44.528183
  115.626559    -3.028291   -44.350483
  115.649468    -2.615164   -44.414690
  116.333894    -0.060891   -44.414690
  113.720689     2.826626   -46.225003
  112.943570     3.071699   -46.605273
  107.689729     3.071699   -48.879053
  102.543050     5.256705   -50.714838
  101.038551     8.889087   -50.714838
   74.693833    19.565427   -57.364961
   16.977241    33.799541   -64.514122
   -7.709090    44.024923   -64.514122
  -55.396389    47.649769   -69.406534
  -67.475792    56.025801   -65.347912
  -80.096587    50.798034   -65.347912
  -80.854715    48.927433   -65.820122
  -89.494810    27.585153   -67.908515
  -92.755514    19.713284   -67.908515
  -93.648989     7.958233   -69.114587
  -92.956877     7.363185   -69.399299
  -92.511798     1.509021   -68.798675
  -88.362592    -8.507913   -68.798675
  -68.425939   -37.313607   -67.340447
  -52.101924   -50.321454   -65.445730
  -50.994575   -52.929986   -64.515328
  -47.382842   -57.130738   -62.787158
  -19.235196   -54.991250   -59.899490
   28.134382   -35.370057   -59.899490
   81.862286   -14.272398   -54.534416
  104.266397    -5.192950   -48.879053
   76.412809     5.256705   -58.641419
   71.374499     7.669903   -59.866482
   26.692733     7.669903   -67.212937
   23.157566     8.556295   -67.648370
    2.073321    29.640690   -67.648370
  -49.643208    36.497150   -72.066764
  -55.396389    42.791872   -70.880135
  -57.748997    42.479879   -70.679224
  -85.818418    14.410458   -70.679224
  -86.702548     7.741948   -71.248950
  -87.117032     7.363185   -71.170726
  -86.091826    -0.369870   -70.510115
  -53.353814   -33.107881   -70.510115
  -52.101924   -33.273826   -70.616976
  -50.457706   -31.474666   -70.956250
   -6.642888   -25.665869   -67.212937
  -49.643208     8.556295   -74.818632
  -50.457706     7.741948   -74.818632
     1      2      3
     1      3      4
     1      4      5
     1      5      6
     1      6      7
     5      8      9
     5      9      6
    10     11     12
    10     12     13
     7      6      9
     7      9     14
     7     14     10
     7     10     13
     7     13     15
    16     17     18
    16     18     19
    16     19     20
    16     20      2
    16      2      1
    20     21     22
    20     22     23
    20     23      3
    20      3      2
    19     24     25
    19     25     21
    19     21     20
    25     26     27
    25     27     28
    25     28     22
    25     22     21
     3     23     29
     3     29      4
     4     29     30
     4     30      8
     4      8      5
    12     11     31
    12     31     32
    12     32     33
    33     32     34
    33     34     35
    36     37     38
    36     38     39
    40     41     42
    40     42     36
    40     36     39
    40     39     43
    15     13     12
    15     12     33
    15     33     35
    15     35     41
    15     41     40
    44     16      1
    44      1      7
    44      7     15
    44     15     40
    44     40     43
    44     43     45
    44     45     46
    47     48     49
    47     49     50
    47     50     51
    47     51     52
    44     52     51
    44     51     53
    44     53     17
    44     17     16
    53     54     55
    53     55     56
    53     56     18
    53     18     17
    18     56     57
    18     57     58
    18     58     24
    18     24     19
    55     59     60
    55     60     57
    55     57     56
    57     60     61
    57     61     62
    57     62     63
    57     63     58
    58     63     64
    58     64     26
    58     26     25
    58     25     24
    64     65     66
    64     66     27
    64     27     26
    22     28     67
    22     67     30
    22     30     29
    22     29     23
     9      8     30
     9     30     67
     9     67     68
     9     68     14
    69     70     34
    69     34     32
    69     32     31
    35     34     70
    35     70     71
    35     71     42
    35     42     41
    72     73     74
    72     74     75
    72     75     76
    38     37     76
    38     76     75
    38     75     77
    38     77     78
    75     74     79
    75     79     80
    75     80     77
    78     77     80
    78     80     81
    78     81     82
    78     82     83
    43     39     38
    43     38     78
    43     78     83
    43     83     84
    43     84     45
    45     84     85
    45     85     86
    45     86     87
    45     87     46
    46     87     88
    46     88     47
    46     47     52
    46     52     44
    88     89     90
    88     90     91
    88     91     48
    88     48     47
    92     93     94
    92     94     95
    92     95     96
    92     96     97
    91     97     96
    91     96     98
    91     98     99
    91     99     49
    91     49     48
    49     99    100
    49    100    101
    49    101     50
    51     50    101
    51    101    102
    51    102    103
    51    103     54
    51     54     53
   103    104    105
   103    105     59
   103     59     55
   103     55     54
   105    106    107
   105    107     61
   105     61     60
   105     60     59
   108    109    110
   108    110    107
   108    107    106
   110    109    111
   110    111    112
   110    112    113
   110    113    114
    61    107    110
    61    110    114
    61    114    115
    61    115     62
   114    113    116
   114    116    117
   114    117    118
   114    118    119
   114    119    115
    62    115    119
    62    119     65
    62     65     64
    62     64     63
    66     65    119
    66    119    118
    66    118    120
    66    120    121
    67     28     27
    67     27     66
    67     66    121
    67    121    122
    67    122     68
    14     68    122
    14    122    123
    14    123    124
    14    124     69
    14     69     31
    14     31     11
    14     11     10
   124    125    126
   124    126     71
   124     71     70
   124     70     69
    42     71    126
    42    126     72
    42     72     76
    42     76     37
    42     37     36
   127    128    129
   127    129    130
   127    130    131
   131    130     79
   131     79     74
   131     74     73
   129    128    132
   129    132    133
   129    133    134
   129    134    135
    80     79    130
    80    130    129
    80    129    135
    80    135    136
    80    136     81
   135    134    137
   135    137    138
   135    138    136
    81    136    138
    81    138    139
    81    139    140
    81    140     82
    83     82    140
    83    140    141
    83    141     85
    83     85     84
    85    141    142
    85    142    143
    85    143    144
    85    144     86
    87     86    144
    87    144    145
    87    145    146
    87    146     89
    87     89     88
   146    147    148
   146    148     90
   146     90     89
    90    148    149
    90    149    150
    90    150     92
    90     92     97
    90     97     91
   150    151    152
   150    152    153
   150    153     93
   150     93     92
   153    154    155
   153    155    156
   153    156    157
   153    157    158
   153    158     94
   153     94     93
    94    158    159
    94    159     95
    96     95    159
    96    159    160
    96    160    161
    96    161    162
    96    162    163
    96    163     98
    98    163    164
    98    164    165
    98    165    100
    98    100     99
   101    100    165
   101    165    166
   101    166    167
   101    167    168
   101    168    102
   102    168    169
   102    169    104
   102    104    103
   169    170    171
   169    171    172
   169    172    108
   169    108    106
   169    106    105
   169    105    104
   172    173    111
   172    111    109
   172    109    108
   174    175    112
   174    112    111
   174    111    173
   176    177    178
   176    178    179
   176    179    175
   176    175    174
   112    175    179
   112    179    116
   112    116    113
   180    181    182
   180    182    183
   180    183    184
   117    116    179
   117    179    178
   117    178    180
   117    180    184
   117    184    185
   185    184    183
   185    183    186
   185    186    187
   185    187    188
   185    188    189
   120    118    117
   120    117    185
   120    185    189
   120    189    190
   190    189    188
   190    188    191
   190    191    192
   190    192    193
   190    193    194
   122    121    120
   122    120    190
   122    190    194
   122    194    195
   122    195    123
   194    193    196
   194    196    197
   194    197    198
   194    198    199
   194    199    195
   123    195    199
   123    199    200
   123    200    125
   123    125    124
   126    125    200
   126    200    201
   126    201    202
   126    202    127
   126    127    131
   126    131     73
   126     73     72
   201    203    204
   201    204    205
   201    205    202
   202    205    206
   202    206    132
   202    132    128
   202    128    127
   204    207    208
   204    208    209
   204    209    210
   204    210    206
   204    206    205
   206    210    211
   206    211    133
   206    133    132
   209    212    213
   209    213    214
   209    214    211
   209    211    210
   133    211    214
   133    214    215
   133    215    137
   133    137    134
   215    214    213
   215    213    216
   215    216    217
   138    137    215
   138    215    217
   138    217    218
   138    218    219
   138    219    220
   138    220    139
   140    139    220
   140    220    221
   140    221    142
   140    142    141
   142    221    222
   142    222    223
   142    223    224
   142    224    143
   144    143    224
   144    224    225
   144    225    226
   144    226    145
   145    226    227
   145    227    228
   145    228    147
   145    147    146
   228    229    230
   228    230    231
   228    231    149
   228    149    148
   228    148    147
   149    231    232
   149    232    233
   149    233    151
   149    151    150
   233    234    235
   233    235    152
   233    152    151
   152    235    236
   152    236    154
   152    154    153
   156    237    238
   156    238    239
   156    239    240
   156    240    157
   159    158    157
   159    157    240
   159    240    241
   159    241    160
   160    241    242
   160    242    243
   160    243    244
   160    244    245
   160    245    161
   161    245    246
   161    246    162
   162    246    247
   162    247    248
   162    248    249
   162    249    250
   162    250    164
   162    164    163
   165    164    250
   165    250    251
   165    251    252
   165    252    253
   165    253    166
   166    253    254
   166    254    255
   166    255    256
   166    256    167
   167    256    257
   167    257    170
   167    170    169
   167    169    168
   257    258    259
   257    259    260
   257    260    171
   257    171    170
   171    260    261
   171    261    176
   171    176    174
   171    174    173
   171    173    172
   261    262    263
   261    263    177
   261    177    176
   264    265    266
   264    266    182
   264    182    181
   178    177    263
   178    263    264
   178    264    181
   178    181    180
   186    267    268
   186    268    269
   186    269    270
   186    270    187
   183    182    266
   183    266    267
   183    267    186
   271    272    273
   271    273    274
   188    187    270
   188    270    271
   188    271    274
   188    274    275
   188    275    191
   274    273    276
   274    276    277
   274    277    278
   274    278    279
   274    279    280
   274    280    281
   274    281    275
   191    275    281
   191    281    282
   191    282    192
   281    280    283
   281    283    284
   281    284    285
   281    285    282
   192    282    285
   192    285    286
   192    286    287
   192    287    196
   192    196    193
   196    287    288
   196    288    289
   196    289    290
   196    290    291
   196    291    197
   197    291    292
   197    292    293
   197    293    294
   197    294    295
   197    295    198
   199    198    295
   199    295    296
   199    296    297
   199    297    298
   199    298    203
   199    203    201
   199    201    200
   297    299    300
   297    300    301
   297    301    302
   297    302    298
   298    302    303
   298    303    304
   298    304    207
   298    207    204
   298    204    203
   303    305    306
   303    306    307
   303    307    308
   303    308    309
   303    309    304
   304    309    310
   304    310    208
   304    208    207
   308    311    312
   308    312    313
   308    313    314
   308    314    310
   308    310    309
   208    310    314
   208    314    315
   208    315    212
   208    212    209
   314    313    316
   314    316    317
   314    317    315
   213    212    315
   213    315    317
   213    317    318
   213    318    319
   213    319    216
   217    216    319
   217    319    320
   217    320    321
   217    321    218
   218    321    322
   218    322    323
   218    323    324
   218    324    325
   218    325    219
   220    219    325
   220    325    326
   220    326    222
   220    222    221
   222    326    327
   222    327    328
   222    328    329
   222    329    223
   224    223    329
   224    329    330
   224    330    331
   224    331    225
   225    331    332
   225    332    333
   225    333    227
   225    227    226
   227    333    334
   227    334    335
   227    335    336
   227    336    229
   227    229    228
   336    337    338
   336    338    230
   336    230    229
   230    338    339
   230    339    340
   230    340    232
   230    232    231
   232    340    341
   232    341    342
   232    342    234
   232    234    233
   342    343    344
   342    344    236
   342    236    235
   342    235    234
   236    344    345
   236    345    155
   236    155    154
   238    346    347
   238    347    348
   238    348    239
   240    239    348
   240    348    349
   240    349    242
   240    242    241
   243    350    351
   243    351    352
   243    352    244
   244    352    353
   244    353    247
   244    247    246
   244    246    245
   248    354    355
   248    355    356
   248    356    357
   248    357    249
   250    249    357
   250    357    358
   250    358    251
   251    358    359
   251    359    360
   251    360    361
   251    361    362
   251    362    252
   252    362    363
   252    363    364
   252    364    254
   252    254    253
   254    364    365
   254    365    366
   254    366    367
   254    367    255
   255    367    368
   255    368    258
   255    258    257
   255    257    256
   368    369    370
   368    370    371
   368    371    259
   368    259    258
   259    371    372
   259    372    262
   259    262    261
   259    261    260
   372    373    374
   372    374    375
   372    375    265
   372    265    264
   372    264    263
   372    263    262
   268    375    374
   268    374    376
   268    376    377
   268    377    269
   266    265    375
   266    375    268
   266    268    267
   378    379    276
   378    276    273
   378    273    272
   270    269    377
   270    377    378
   270    378    272
   270    272    271
   277    380    381
   277    381    382
   277    382    383
   277    383    384
   277    384    385
   277    385    278
   276    379    386
   276    386    380
   276    380    277
   278    385    387
   278    387    388
   278    388    389
   278    389    279
   279    389    390
   279    390    283
   279    283    280
   283    390    391
   283    391    392
   283    392    393
   283    393    284
   285    284    393
   285    393    394
   285    394    395
   285    395    286
   286    395    396
   286    396    397
   286    397    288
   286    288    287
   288    397    398
   288    398    399
   288    399    400
   288    400    401
   288    401    289
   289    401    402
   289    402    403
   289    403    404
   289    404    290
   290    404    405
   290    405    406
   290    406    407
   290    407    408
   290    408    292
   290    292    291
   292    408    409
   292    409    293
   295    294    410
   295    410    411
   295    411    412
   295    412    413
   295    413    414
   295    414    296
   296    414    415
   296    415    416
   296    416    417
   296    417    299
   296    299    297
   417    418    419
   417    419    300
   417    300    299
   301    420    421
   301    421    305
   301    305    303
   301    303    302
   421    422    306
   421    306    305
   307    423    311
   307    311    308
   424    425    312
   424    312    311
   424    311    423
   312    425    426
   312    426    427
   312    427    316
   312    316    313
   317    316    427
   317    427    428
   317    428    318
   319    318    428
   319    428    429
   319    429    430
   319    430    320
   320    430    431
   320    431    322
   320    322    321
   323    432    433
   323    433    434
   323    434    435
   323    435    324
   325    324    435
   325    435    436
   325    436    327
   325    327    326
   327    436    437
   327    437    438
   327    438    439
   327    439    328
   329    328    439
   329    439    440
   329    440    441
   329    441    330
   330    441    442
   330    442    443
   330    443    332
   330    332    331
   332    443    444
   332    444    445
   332    445    446
   332    446    334
   332    334    333
   334    446    447
   334    447    448
   334    448    335
   335    448    449
   335    449    450
   335    450    337
   335    337    336
   450    451    452
   450    452    453
   450    453    339
   450    339    338
   450    338    337
   339    453    454
   339    454    341
   339    341    340
   341    454    455
   341    455    456
   341    456    457
   341    457    343
   341    343    342
   457    458    345
   457    345    344
   457    344    343
   155    345    458
   155    458    459
   155    459    237
   155    237    156
   348    347    460
   348    460    349
   242    349    460
   242    460    461
   242    461    350
   242    350    243
   351    462    463
   351    463    464
   351    464    353
   351    353    352
   247    353    464
   247    464    354
   247    354    248
   355    465    466
   355    466    467
   355    467    356
   357    356    467
   357    467    468
   357    468    359
   357    359    358
   359    468    469
   359    469    470
   359    470    471
   359    471    360
   360    471    472
   360    472    473
   360    473    474
   360    474    361
   361    474    475
   361    475    476
   361    476    477
   361    477    363
   361    363    362
   363    477    478
   363    478    479
   363    479    365
   363    365    364
   365    479    480
   365    480    481
   365    481    482
   365    482    366
   366    482    483
   366    483    484
   366    484    369
   366    369    368
   366    368    367
   484    485    486
   484    486    370
   484    370    369
   370    486    487
   370    487    488
   370    488    373
   370    373    372
   370    372    371
   488    489    490
   488    490    376
   488    376    374
   488    374    373
   490    489    491
   490    491    492
   377    376    490
   377    490    492
   377    492    493
   377    493    494
   377    494    386
   377    386    379
   377    379    378
   493    382    381
   493    381    494
   494    381    380
   494    380    386
   495    496    497
   495    497    498
   384    498    497
   384    497    387
   384    387    385
   387    497    496
   387    496    499
   387    499    500
   387    500    501
   387    501    502
   387    502    388
   388    502    391
   388    391    390
   388    390    389
   391    502    501
   391    501    503
   391    503    504
   391    504    392
   393    392    504
   393    504    505
   393    505    394
   394    505    506
   394    506    507
   394    507    508
   394    508    396
   394    396    395
   396    508    509
   396    509    398
   396    398    397
   398    509    510
   398    510    511
   398    511    399
   400    512    513
   400    513    402
   400    402    401
   402    513    514
   402    514    515
   402    515    516
   402    516    403
   403    516    517
   403    517    518
   403    518    405
   403    405    404
   405    518    519
   405    519    406
   407    520    521
   407    521    522
   407    522    523
   407    523    409
   407    409    408
   293    409    523
   293    523    410
   293    410    294
   412    524    413
   415    525    526
   415    526    416
   416    526    527
   416    527    418
   416    418    417
   300    419    528
   300    528    420
   300    420    301
   528    529    530
   528    530    531
   528    531    422
   528    422    421
   528    421    420
   306    422    531
   306    531    532
   306    532    424
   306    424    423
   306    423    307
   532    533    426
   532    426    425
   532    425    424
   428    427    426
   428    426    533
   428    533    534
   428    534    429
   429    534    535
   429    535    536
   429    536    431
   429    431    430
   322    431    536
   322    536    537
   322    537    432
   322    432    323
   537    538    539
   537    539    540
   537    540    433
   537    433    432
   433    540    541
   433    541    542
   433    542    434
   435    434    542
   435    542    543
   435    543    544
   435    544    437
   435    437    436
   437    544    545
   437    545    546
   437    546    438
   439    438    546
   439    546    547
   439    547    548
   439    548    549
   439    549    440
   440    549    550
   440    550    551
   440    551    442
   440    442    441
   442    551    552
   442    552    444
   442    444    443
   444    552    553
   444    553    554
   444    554    555
   444    555    445
   445    555    556
   445    556    557
   445    557    447
   445    447    446
   447    557    558
   447    558    559
   447    559    449
   447    449    448
   449    559    560
   449    560    451
   449    451    450
   560    561    562
   560    562    452
   560    452    451
   452    562    563
   452    563    455
   452    455    454
   452    454    453
   455    563    564
   455    564    565
   455    565    456
   456    565    566
   456    566    567
   456    567    459
   456    459    458
   456    458    457
   459    567    568
   459    568    346
   459    346    238
   459    238    237
   461    569    462
   461    462    351
   461    351    350
   570    463    462
   570    462    569
   464    463    570
   464    570    571
   464    571    465
   464    465    355
   464    355    354
   572    573    574
   572    574    466
   572    466    465
   572    465    571
   467    466    574
   467    574    575
   467    575    469
   467    469    468
   469    575    576
   469    576    577
   469    577    470
   470    577    578
   470    578    579
   470    579    472
   470    472    471
   472    579    580
   472    580    581
   472    581    473
   473    581    582
   473    582    475
   473    475    474
   476    583    584
   476    584    478
   476    478    477
   478    584    585
   478    585    480
   478    480    479
   481    586    587
   481    587    483
   481    483    482
   483    587    588
   483    588    589
   483    589    485
   483    485    484
   589    590    591
   589    591    487
   589    487    486
   589    486    485
   487    591    592
   487    592    491
   487    491    489
   487    489    488
   492    491    592
   492    592    593
   492    593    383
   492    383    382
   492    382    493
   383    593    594
   383    594    595
   383    595    596
   383    596    495
   383    495    498
   383    498    384
   596    597    499
   596    499    496
   596    496    495
   595    598    599
   595    599    600
   595    600    597
   595    597    596
   499    597    600
   499    600    601
   499    601    500
   599    602    603
   599    603    601
   599    601    600
   500    601    603
   500    603    604
   500    604    503
   500    503    501
   604    603    602
   604    602    605
   604    605    606
   604    606    607
   504    503    604
   504    604    607
   504    607    608
   504    608    506
   504    506    505
   506    608    609
   506    609    610
   506    610    611
   506    611    507
   507    611    612
   507    612    510
   507    510    509
   507    509    508
   510    612    613
   510    613    614
   510    614    615
   510    615    511
   399    511    615
   399    615    616
   399    616    512
   399    512    400
   616    617    618
   616    618    619
   616    619    514
   616    514    513
   616    513    512
   514    619    620
   514    620    515
   515    620    621
   515    621    622
   515    622    517
   515    517    516
   517    622    623
   517    623    624
   517    624    519
   517    519    518
   406    519    624
   406    624    625
   406    625    520
   406    520    407
   625    626    521
   625    521    520
   410    523    522
   410    522    627
   410    627    411
   411    627    628
   411    628    629
   411    629    630
   411    630    524
   411    524    412
   413    524    630
   413    630    631
   413    631    525
   413    525    415
   413    415    414
   631    632    633
   631    633    634
   631    634    527
   631    527    526
   631    526    525
   527    634    529
   527    529    528
   527    528    419
   527    419    418
   633    635    636
   633    636    530
   633    530    529
   633    529    634
   530    636    637
   530    637    535
   530    535    534
   530    534    533
   530    533    532
   530    532    531
   637    636    635
   637    635    638
   637    638    639
   637    639    640
   536    535    637
   536    637    640
   536    640    538
   536    538    537
   640    639    641
   640    641    642
   640    642    539
   640    539    538
   539    642    643
   539    643    541
   539    541    540
   542    541    643
   542    643    644
   542    644    645
   542    645    543
   543    645    646
   543    646    647
   543    647    648
   543    648    545
   543    545    544
   546    545    648
   546    648    649
   546    649    547
   547    649    650
   547    650    651
   547    651    548
   548    651    652
   548    652    653
   548    653    550
   548    550    549
   550    653    654
   550    654    655
   550    655    553
   550    553    552
   550    552    551
   553    655    656
   553    656    554
   554    656    657
   554    657    658
   554    658    556
   554    556    555
   556    658    659
   556    659    660
   556    660    558
   556    558    557
   659    661    662
   659    662    663
   659    663    664
   659    664    660
   558    660    664
   558    664    665
   558    665    561
   558    561    560
   558    560    559
   664    663    666
   664    666    665
   665    666    667
   665    667    564
   665    564    563
   665    563    562
   665    562    561
   564    667    668
   564    668    566
   564    566    565
   566    668    568
   566    568    567
   669    670    671
   669    671    672
   673    674    675
   673    675    676
   673    676    670
   673    670    669
   672    671    677
   672    677    573
   672    573    572
   676    678    679
   676    679    680
   676    680    677
   676    677    671
   676    671    670
   574    573    677
   574    677    680
   574    680    681
   574    681    576
   574    576    575
   576    681    682
   576    682    683
   576    683    578
   576    578    577
   578    683    684
   578    684    685
   578    685    580
   578    580    579
   580    685    686
   580    686    687
   580    687    582
   580    582    581
   475    582    687
   475    687    583
   475    583    476
   480    585    688
   480    688    689
   480    689    586
   480    586    481
   689    690    691
   689    691    588
   689    588    587
   689    587    586
   588    691    692
   588    692    693
   588    693    590
   588    590    589
   693    694    695
   693    695    594
   693    594    593
   693    593    592
   693    592    591
   693    591    590
   594    695    696
   594    696    598
   594    598    595
   697    698    699
   697    699    696
   697    696    695
   697    695    694
   696    699    700
   696    700    605
   696    605    602
   696    602    599
   696    599    598
   701    702    703
   701    703    700
   701    700    699
   701    699    698
   605    700    703
   605    703    704
   605    704    606
   704    703    702
   704    702    705
   704    705    706
   704    706    707
   607    606    704
   607    704    707
   607    707    609
   607    609    608
   609    707    706
   609    706    708
   609    708    709
   609    709    610
   610    709    710
   610    710    613
   610    613    612
   610    612    611
   613    710    711
   613    711    712
   613    712    713
   613    713    614
   615    614    713
   615    713    714
   615    714    617
   615    617    616
   714    715    716
   714    716    717
   714    717    718
   714    718    618
   714    618    617
   618    718    719
   618    719    621
   618    621    620
   618    620    619
   621    719    720
   621    720    623
   621    623    622
   720    719    718
   720    718    717
   720    717    721
   720    721    722
   720    722    723
   720    723    724
   624    623    720
   624    720    724
   624    724    725
   624    725    626
   624    626    625
   725    724    723
   725    723    726
   725    726    727
   725    727    728
   725    728    729
   522    521    626
   522    626    725
   522    725    729
   522    729    628
   522    628    627
   628    729    728
   628    728    730
   628    730    731
   628    731    732
   628    732    733
   628    733    629
   629    733    734
   629    734    632
   629    632    631
   629    631    630
   732    735    736
   732    736    737
   732    737    734
   732    734    733
   734    737    738
   734    738    638
   734    638    635
   734    635    633
   734    633    632
   736    739    740
   736    740    741
   736    741    742
   736    742    738
   736    738    737
   738    742    743
   738    743    641
   738    641    639
   738    639    638
   743    742    741
   743    741    744
   743    744    745
   643    642    641
   643    641    743
   643    743    745
   643    745    746
   643    746    644
   644    746    747
   644    747    646
   644    646    645
   646    747    748
   646    748    749
   646    749    750
   646    750    647
   648    647    750
   648    750    751
   648    751    650
   648    650    649
   650    751    752
   650    752    753
   650    753    652
   650    652    651
   652    753    754
   652    754    755
   652    755    654
   652    654    653
   654    755    756
   654    756    657
   654    657    656
   654    656    655
   657    756    757
   657    757    758
   657    758    759
   657    759    661
   657    661    659
   657    659    658
   758    760    761
   758    761    762
   758    762    763
   758    763    759
   662    661    759
   662    759    763
   662    763    764
   765    762    761
   765    761    766
   764    763    762
   764    762    765
   767    768    769
   767    769    770
   767    770    771
   767    771    772
   767    772    773
   773    772    774
   773    774    775
   776    777    778
   776    778    779
   776    779    780
   778    781    782
   778    782    783
   778    783    779
   675    784    678
   675    678    676
   785    786    784
   785    784    675
   785    675    674
   680    679    787
   680    787    682
   680    682    681
   682    787    788
   682    788    789
   682    789    684
   682    684    683
   684    789    790
   684    790    686
   684    686    685
   687    686    790
   687    790    791
   687    791    792
   687    792    688
   687    688    585
   687    585    584
   687    584    583
   688    792    793
   688    793    690
   688    690    689
   793    794    795
   793    795    796
   793    796    692
   793    692    691
   793    691    690
   692    796    797
   692    797    798
   692    798    697
   692    697    694
   692    694    693
   798    799    701
   798    701    698
   798    698    697
   797    800    801
   797    801    802
   797    802    799
   797    799    798
   802    803    705
   802    705    702
   802    702    701
   802    701    799
   801    804    805
   801    805    806
   801    806    803
   801    803    802
   706    705    803
   706    803    806
   706    806    807
   706    807    708
   806    805    808
   806    808    809
   806    809    810
   806    810    807
   708    807    810
   708    810    811
   708    811    711
   708    711    710
   708    710    709
   711    811    812
   711    812    813
   711    813    814
   711    814    712
   713    712    814
   713    814    815
   713    815    816
   713    816    715
   713    715    714
   816    817    818
   816    818    716
   816    716    715
   716    818    819
   716    819    721
   716    721    717
   721    819    820
   721    820    821
   721    821    722
   821    820    822
   821    822    823
   821    823    824
   723    722    821
   723    821    824
   723    824    825
   723    825    826
   723    826    726
   726    826    827
   726    827    828
   726    828    727
   728    727    828
   728    828    829
   728    829    830
   728    830    831
   728    831    832
   728    832    833
   728    833    730
   730    833    834
   730    834    835
   730    835    836
   730    836    837
   730    837    838
   730    838    731
   731    838    839
   731    839    840
   731    840    841
   731    841    735
   731    735    732
   840    842    843
   840    843    844
   840    844    841
   841    844    845
   841    845    846
   841    846    739
   841    739    736
   841    736    735
   846    847    848
   846    848    849
   846    849    740
   846    740    739
   740    849    850
   740    850    744
   740    744    741
   745    744    850
   745    850    851
   745    851    748
   745    748    747
   745    747    746
   748    851    852
   748    852    853
   748    853    854
   748    854    749
   750    749    854
   750    854    855
   750    855    752
   750    752    751
   752    855    856
   752    856    857
   752    857    754
   752    754    753
   754    857    858
   754    858    757
   754    757    756
   754    756    755
   757    858    859
   757    859    860
   757    860    760
   757    760    758
   766    761    760
   766    760    860
   766    860    861
   766    861    862
   863    864    865
   863    865    769
   863    769    768
   862    861    863
   862    863    768
   862    768    767
   771    866    867
   771    867    868
   771    868    774
   771    774    772
   775    774    868
   775    868    869
   775    869    870
   870    869    871
   870    871    872
   870    872    777
   870    777    776
   872    873    874
   872    874    781
   872    781    778
   872    778    777
   780    779    783
   780    783    785
   780    785    674
   780    674    673
   783    782    875
   783    875    876
   783    876    877
   783    877    786
   783    786    785
   877    788    787
   877    787    679
   877    679    678
   877    678    784
   877    784    786
   790    789    788
   790    788    877
   790    877    876
   790    876    878
   790    878    879
   790    879    791
   791    879    880
   791    880    881
   791    881    794
   791    794    793
   791    793    792
   881    882    883
   881    883    795
   881    795    794
   795    883    884
   795    884    885
   795    885    886
   795    886    800
   795    800    797
   795    797    796
   886    887    804
   886    804    801
   886    801    800
   885    888    889
   885    889    887
   885    887    886
   889    808    805
   889    805    804
   889    804    887
   890    891    892
   890    892    809
   890    809    808
   890    808    889
   890    889    888
   810    809    892
   810    892    893
   810    893    894
   810    894    812
   810    812    811
   812    894    895
   812    895    896
   812    896    897
   812    897    813
   814    813    897
   814    897    898
   814    898    899
   814    899    900
   814    900    901
   814    901    815
   815    901    902
   815    902    903
   815    903    817
   815    817    816
   903    904    822
   903    822    820
   903    820    819
   903    819    818
   903    818    817
   822    904    905
   822    905    906
   822    906    823
   824    823    906
   824    906    907
   824    907    908
   824    908    825
   825    908    909
   825    909    910
   825    910    911
   825    911    912
   825    912    827
   825    827    826
   828    827    912
   828    912    913
   828    913    829
   832    914    834
   832    834    833
   837    915    916
   837    916    917
   837    917    839
   837    839    838
   839    917    918
   839    918    919
   839    919    842
   839    842    840
   843    920    921
   843    921    922
   843    922    845
   843    845    844
   845    922    847
   845    847    846
   850    849    848
   850    848    923
   850    923    852
   850    852    851
   852    923    924
   852    924    925
   852    925    853
   854    853    925
   854    925    926
   854    926    927
   854    927    928
   854    928    856
   854    856    855
   856    928    929
   856    929    930
   856    930    859
   856    859    858
   856    858    857
   860    859    930
   860    930    931
   860    931    864
   860    864    863
   860    863    861
   931    932    933
   931    933    865
   931    865    864
   769    865    933
   769    933    770
   934    935    936
   934    936    867
   934    867    866
   868    867    936
   868    936    937
   868    937    871
   868    871    869
   871    937    938
   871    938    939
   871    939    940
   871    940    873
   871    873    872
   940    941    874
   940    874    873
   874    941    942
   874    942    875
   874    875    782
   874    782    781
   875    942    943
   875    943    944
   875    944    945
   875    945    878
   875    878    876
   878    945    946
   878    946    947
   878    947    948
   878    948    880
   878    880    879
   880    948    949
   880    949    950
   880    950    882
   880    882    881
   950    951    952
   950    952    953
   950    953    884
   950    884    883
   950    883    882
   884    953    954
   884    954    890
   884    890    888
   884    888    885
   954    955    956
   954    956    891
   954    891    890
   892    891    956
   892    956    957
   892    957    893
   893    957    958
   893    958    895
   893    895    894
   897    896    959
   897    959    898
   900    960    961
   900    961    902
   900    902    901
   902    961    962
   902    962    905
   902    905    904
   902    904    903
   906    905    962
   906    962    963
   906    963    964
   906    964    907
   907    964    965
   907    965    909
   907    909    908
   912    911    913
   831    966    914
   831    914    832
   836    915    837
   918    967    968
   918    968    919
   919    968    920
   919    920    843
   919    843    842
   921    969    924
   921    924    923
   921    923    848
   921    848    847
   921    847    922
   925    924    969
   925    969    970
   925    970    926
   927    971    972
   927    972    973
   927    973    929
   927    929    928
   930    929    973
   930    973    974
   930    974    975
   930    975    932
   930    932    931
   770    933    932
   770    932    975
   770    975    976
   770    976    934
   770    934    866
   770    866    771
   976    977    978
   976    978    935
   976    935    934
   936    935    978
   936    978    938
   936    938    937
   939    979    980
   939    980    943
   939    943    942
   939    942    941
   939    941    940
   981    982    983
   981    983    944
   981    944    943
   981    943    980
   944    983    984
   944    984    946
   944    946    945
   947    985    986
   947    986    949
   947    949    948
   949    986    987
   949    987    951
   949    951    950
   952    988    955
   952    955    954
   952    954    953
   989    958    957
   989    957    956
   989    956    955
   989    955    988
   895    958    989
   895    989    990
   895    990    959
   895    959    896
   899    991    992
   899    992    960
   899    960    900
   992    993    963
   992    963    962
   992    962    961
   992    961    960
   965    964    963
   965    963    993
   965    993    994
   965    994    995
   910    909    965
   910    965    995
   910    995    996
   830    997    966
   830    966    831
   835    998    999
   835    999    916
   835    916    915
   835    915    836
   999   1000    967
   999    967    918
   999    918    917
   999    917    916
  1001    970    969
  1001    969    921
  1001    921    920
  1001    920    968
  1001    968    967
  1001    967   1000
   926    970   1001
   926   1001   1002
   926   1002    971
   926    971    927
   973    972   1003
   973   1003   1004
   973   1004    974
   975    974   1004
   975   1004    981
   975    981    980
   975    980    979
   975    979    977
   975    977    976
   938    978    977
   938    977    979
   938    979    939
  1005   1006    984
  1005    984    983
  1005    983    982
   946    984   1006
   946   1006   1007
   946   1007   1008
   946   1008   1009
   946   1009    985
   946    985    947
  1009   1010   1011
  1009   1011    987
  1009    987    986
  1009    986    985
   987   1011   1012
   987   1012    990
   987    990    989
   987    989    988
   987    988    952
   987    952    951
   898    959    990
   898    990   1012
   898   1012   1013
   898   1013    991
   898    991    899
   994    993    992
   994    992    991
   994    991   1013
   994   1013   1014
   994   1014   1015
   996    995    994
   996    994   1015
   996   1015   1016
   829    913    911
   829    911    910
   829    910    996
   829    996   1016
   829   1016   1017
   829   1017    997
   829    997    830
   834    914    966
   834    966    997
   834    997   1017
   834   1017   1018
   834   1018    998
   834    998    835
  1018   1019   1020
  1018   1020   1002
  1018   1002   1001
  1018   1001   1000
  1018   1000    999
  1018    999    998
  1020   1007   1006
  1020   1006   1005
  1020   1005   1003
  1020   1003    972
  1020    972    971
  1020    971   1002
  1004   1003   1005
  1004   1005    982
  1004    982    981
  1008   1021   1010
  1008   1010   1009
  1014   1013   1012
  1014   1012   1011
  1014   1011   1010
  1014   1010   1021
  1014   1021   1022
  1016   1015   1014
  1016   1014   1022
  1016   1022   1019
  1016   1019   1018
  1016   1018   1017
  1022   1021   1008
  1022   1008   1007
  1022   1007   1020
  1022   1020   1019
   460    347    346
   460    346    568
   460    568    668
   460    668    667
   460    667    666
   460    666    663
   460    663    662
   460    662    764
   460    764    765
   460    765    766
   460    766    862
   460    862    767
   460    767    773
   460    773    775
   460    775    870
   460    870    776
   460    776    780
   460    780    673
   460    673    669
   460    669    672
   460    672    572
   460    572    571
   460    571    570
   460    570    569
   460    569    461
