902	1800
-21.241385	-31.343681	115.879762
44.066679	-29.640370	114.885390
-29.718110	46.582675	119.744054
-67.782461	-10.059141	108.661764
-27.079563	-78.468707	103.081502
90.830442	-36.810956	108.274234
57.732289	69.798741	108.408023
-62.398053	81.534256	98.368663
-95.828854	20.034518	91.667150
-98.944122	-14.453775	75.853781
-65.295468	-67.162495	83.628191
-20.695430	-98.476525	93.622782
30.147392	-92.388029	98.867672
116.938173	-19.323469	76.710466
103.280824	48.812461	78.054785
26.513392	101.828222	79.496204
-46.733091	114.390438	64.394548
-90.221803	79.138908	76.766993
-112.813761	41.748431	66.135869
-121.910127	12.287444	48.461079
-102.475737	-40.962081	52.476242
-67.007830	-84.328773	62.188264
-18.343367	-112.015738	68.924985
25.913268	-115.966333	60.120880
100.690742	-76.129140	82.296385
135.980907	-3.100677	37.196482
119.204243	58.040735	45.047993
89.508338	98.508218	34.516665
21.597430	124.139691	39.959506
-48.746284	131.763555	35.497702
-82.961789	111.074845	50.105968
-100.099596	90.648214	38.351196
-125.076948	56.753577	30.260157
-132.708013	31.579439	19.048772
-121.171139	-14.480946	37.739722
-91.629263	-66.524365	45.935100
-57.921390	-99.427716	37.628134
-1.853303	-117.865565	26.158097
32.128088	-120.118033	24.957185
89.523002	-97.875312	45.716949
132.206548	-58.933063	50.436675
135.664611	-20.839700	6.994272
131.484929	44.909620	-7.150277
91.617305	89.496425	-16.000347
49.824865	119.153935	-20.892473
6.637110	138.630532	-9.243311
-35.190415	143.103084	5.323314
-68.367909	132.192326	2.991233
-86.113211	116.809433	0.891369
-111.609500	80.643267	1.494599
-129.954472	31.645448	-15.544496
-133.861699	23.572668	-6.347469
-130.469746	4.756670	1.660413
-105.457644	-47.867934	21.424254
-74.299906	-87.351517	30.730834
-36.527364	-109.149109	10.680412
-1.099671	-115.359231	9.787853
23.204718	-118.309055	11.877445
57.543799	-104.360429	4.907837
111.535696	-72.280628	7.931060
132.248634	-39.416032	-7.695180
129.885243	0.642983	-25.659716
97.729792	36.413049	-51.879450
47.410059	72.471152	-57.453485
21.938057	106.995586	-51.604852
-16.964142	141.439807	-22.407885
-41.824789	130.935743	-33.022316
-88.390188	91.105160	-24.394753
-119.770083	59.046787	-25.645351
-128.391641	12.075054	-25.389041
-116.887645	-10.839227	-31.963335
-92.376167	-56.431807	-6.385117
-61.710623	-91.003743	-2.874164
-4.674554	-108.010599	-13.073818
29.747919	-100.728037	-33.211714
75.238298	-83.001739	-22.983323
115.484930	-36.042582	-32.648869
108.477979	-4.866037	-54.090269
61.929237	33.204543	-74.556230
20.272880	74.727126	-70.634878
-15.101996	111.494124	-55.116995
-31.607354	83.661174	-61.821576
-93.258847	50.986127	-54.669618
-110.714025	6.741064	-52.016692
-88.426562	-19.309135	-62.642764
-69.927686	-54.819266	-46.443656
-34.673117	-88.609125	-40.855745
31.423346	-88.390537	-49.520067
78.424262	-64.424312	-49.375805
68.519883	-15.371265	-88.263002
42.224646	20.799685	-86.474684
-0.240564	73.026375	-67.432919
-49.680607	53.111959	-74.639974
-83.673157	9.253511	-78.216456
-52.126324	-24.045027	-94.434585
-18.667088	-66.839664	-77.416727
39.484726	-58.058067	-72.049488
41.066762	-29.070394	-89.651439
20.378143	12.893859	-80.716881
-47.988874	5.753286	-92.910992
-7.387599	-46.283485	-91.433712
12.706872	-13.364544	-81.081885
1.447115	-5.070984	119.431672
-42.093284	4.125782	118.721913
-41.902259	-44.342259	110.748390
-0.219875	-55.779319	111.353672
75.831654	2.320421	114.144816
33.279819	39.205442	117.945005
-13.386687	77.970086	112.657921
-71.834066	51.821853	105.979432
-70.230145	23.368571	109.827756
-90.950523	-3.134196	93.402927
-78.857266	-31.079740	90.950961
-56.777321	-54.826846	99.871655
-38.941945	-86.610582	95.622047
-8.923791	-95.616485	100.570941
16.905319	-75.158896	106.385320
59.821064	-60.273467	110.832454
107.018417	-6.801228	90.624174
93.497658	29.193957	101.106909
69.229900	80.419796	90.374255
5.299132	93.129898	98.741354
-34.288824	102.820487	82.333374
-73.304639	93.544643	81.217541
-91.728153	57.182640	90.596102
-103.049548	43.395960	79.530912
-106.003211	10.871270	78.364524
-113.273396	12.239889	64.267505
-109.601147	-15.492477	57.738221
-89.936271	-43.474877	69.313547
-79.994716	-66.818800	63.978512
-50.932815	-85.938570	81.589264
-36.148178	-99.100758	80.535855
-6.596426	-111.937649	78.064309
8.356598	-107.219843	85.170102
51.936637	-99.351581	79.894731
76.754246	-74.922104	100.388746
106.760667	-49.451408	93.429402
125.068339	14.209821	57.438942
115.573551	29.240598	69.417033
109.900858	70.812288	53.994840
79.210368	85.672920	65.158267
50.136941	109.858866	54.021361
0.059735	116.397535	63.797702
-25.605938	125.804140	49.279042
-63.244504	120.221903	53.280670
-75.152475	103.493349	66.907896
-91.064907	95.298651	58.380499
-101.628990	72.604869	62.510588
-113.968758	66.559516	46.523499
-122.425182	39.239562	50.322177
-128.905347	36.783382	34.226836
-127.483216	12.917367	36.614275
-117.963906	-13.790713	45.979177
-107.420091	-40.531464	46.037869
-89.785149	-64.556723	51.895202
-75.433663	-84.303576	47.629321
-50.871646	-99.516279	58.697131
-26.493130	-111.131078	46.045065
5.556531	-119.063877	40.698617
11.461504	-120.212133	50.312063
49.120922	-115.337094	40.072900
75.302066	-99.774684	62.562864
115.243541	-79.046415	63.895831
122.338815	-53.814158	73.947420
130.994024	-28.070937	58.457323
137.369437	4.140813	15.135693
132.128746	39.793578	27.383692
116.973033	72.571035	6.958594
104.535245	87.626434	22.131815
79.956751	107.796149	-2.955648
58.623661	117.734103	17.818574
29.017912	131.188136	1.973361
-6.772812	134.055685	23.950396
-26.983844	140.929249	11.748488
-55.963346	136.720761	16.096777
-73.842661	124.608520	32.797341
-83.363454	120.834218	18.215752
-90.795175	108.259707	30.803401
-99.209816	99.494737	12.695435
-112.757318	79.108573	23.702651
-123.876789	55.673032	3.682225
-131.243805	40.509365	9.762852
-133.558387	29.250218	-3.039188
-134.233302	24.304181	5.303613
-130.525982	10.680233	21.361151
-120.788662	-19.421280	21.932651
-106.884515	-44.930607	38.356455
-89.868955	-70.567660	37.153966
-76.014394	-86.270977	39.756559
-58.267614	-100.621790	26.277026
-32.969344	-110.415087	22.974948
-11.894217	-115.193642	14.024789
8.767768	-118.714796	17.770958
20.420330	-121.382854	20.895973
37.565309	-116.900814	13.338181
60.636641	-109.903643	23.868302
88.511749	-93.102453	21.721527
117.108068	-78.614558	38.409240
129.647985	-58.698175	15.234896
136.911096	-35.711447	26.690972
135.771018	-28.146572	13.102558
135.195859	4.584225	-6.816062
123.264936	30.600072	-31.609326
108.949902	61.907321	-29.406829
76.931401	66.417380	-45.814124
61.300415	97.115021	-34.966496
39.298713	99.695458	-47.914925
28.893689	123.988971	-32.079346
7.982280	131.549566	-30.523228
-13.715555	145.090916	-8.274630
-41.696445	141.989685	-3.756273
-42.658190	139.976312	-18.816291
-66.836762	130.913785	-12.418025
-71.962225	117.186799	-19.995095
-97.330032	98.934650	-6.815541
-110.064014	80.740005	-14.035351
-122.232176	57.732336	-14.912195
-127.834181	32.679649	-24.745564
-131.995810	19.534786	-18.068377
-132.707429	14.557910	-10.222568
-127.700396	2.451839	-21.052801
-119.779729	-17.463795	-3.976781
-106.489584	-39.070180	-5.288560
-90.799596	-67.668222	20.129075
-77.697232	-81.175261	12.126455
-58.882957	-98.684043	15.239740
-34.434365	-104.975813	-2.290231
-12.244671	-111.984756	1.244630
8.445606	-115.152645	4.446483
19.431314	-110.276007	-13.133975
37.090376	-109.531442	-6.332422
54.780370	-97.236012	-19.220241
82.343496	-87.531643	-2.439597
103.425354	-63.080512	-16.295680
122.721674	-48.135240	-15.210748
128.325012	-23.229987	-26.433150
133.602843	-26.359428	-8.490407
116.249339	11.690086	-44.937443
91.536653	21.112649	-62.201545
66.594353	45.491035	-64.308876
40.209417	59.823235	-69.749494
28.568944	83.176782	-63.333960
7.239774	98.545347	-61.556100
-2.961657	122.142471	-44.458703
-23.680102	133.761636	-37.662640
-25.652647	111.757315	-52.834437
-49.999739	103.249845	-41.646233
-71.043399	74.296296	-48.078032
-105.063892	69.977120	-33.082666
-111.833662	39.880864	-43.947158
-121.628016	25.196079	-34.542828
-120.645428	1.264619	-39.379409
-106.684263	-8.304451	-53.143491
-101.043506	-27.498550	-35.746360
-85.747644	-42.742796	-38.337257
-78.704951	-68.523340	-14.895166
-62.104696	-78.896601	-28.274698
-36.525942	-97.404988	-19.427884
-3.581178	-100.048776	-32.916202
7.347364	-94.261271	-44.720325
47.100067	-92.931729	-37.171806
63.427143	-83.932264	-38.804510
91.551373	-63.219084	-34.208190
104.966420	-35.930648	-45.211931
122.770540	-10.103300	-38.049077
82.529637	6.005116	-75.274446
58.529820	13.680907	-87.807563
40.427183	43.784893	-79.222050
20.735956	58.793853	-74.944455
-1.142790	90.386136	-64.455638
-14.448617	92.166742	-62.756342
-25.183320	73.511928	-68.676219
-58.518122	63.729795	-65.842596
-80.677907	39.136904	-70.079876
-99.402659	19.400830	-62.546565
-95.091588	-3.797571	-67.312348
-74.620758	-10.730880	-83.283602
-70.199198	-30.436763	-71.548959
-47.832067	-47.779910	-77.387420
-46.718169	-70.627459	-56.340737
-10.525254	-83.785395	-57.902296
18.792175	-74.026466	-66.558814
51.740064	-74.999119	-54.831507
64.522095	-48.514033	-70.927038
88.579708	-29.718938	-65.660391
53.080414	-9.986067	-93.628832
41.258751	-2.733759	-87.399439
25.241676	35.312922	-77.812158
-7.622473	49.678244	-73.302578
-28.393218	26.767604	-83.807385
-67.870042	25.651784	-84.122667
-65.832740	-1.251783	-93.697038
-40.368258	-22.275490	-98.430259
-26.289610	-48.249775	-93.443640
5.048503	-61.197810	-82.296277
26.063350	-49.375927	-85.279540
52.195716	-35.522262	-86.684802
32.398273	-12.088015	-81.934616
-2.048808	2.728779	-83.233865
-15.434141	-17.811673	-88.095761
18.795442	-32.460889	-85.758075
-5.628796	-33.818876	115.851105
18.019543	-32.422429	115.638280
29.838699	2.394226	118.226136
3.095792	30.311899	120.442573
-23.880945	18.175924	120.985752
-20.786377	-11.138196	118.982141
-48.509061	28.542863	117.841908
-61.324732	8.843113	114.063056
-52.462483	-15.344194	114.058505
-36.552244	-24.958565	115.833746
-57.264540	-36.258625	107.279208
-44.017339	-61.509615	104.537636
-24.057701	-63.275863	108.185897
-21.394663	-47.639245	112.702710
-3.560580	-73.182347	106.511442
22.750798	-56.149281	110.815430
63.604869	-30.894381	114.322893
77.773139	-34.254720	112.839333
89.695006	-2.825064	109.471631
80.220359	36.360291	108.895522
60.412722	40.879233	114.504554
55.719099	5.054217	116.564223
28.875168	67.948538	114.102924
-2.561362	60.041195	118.379030
17.969235	85.069463	107.808685
-26.219697	86.910478	104.605410
-53.167337	72.323370	106.804658
-40.414935	62.575013	114.284040
-80.045453	62.926816	99.082217
-89.757860	40.672735	96.162796
-81.850705	30.706932	102.804936
-59.385896	43.212656	113.203739
-87.370939	12.030388	98.467296
-77.721801	4.836362	105.087247
-99.408086	6.449874	87.495688
-99.672789	-3.761165	82.541439
-90.197842	-16.724875	87.167984
-80.284002	-13.707862	98.742184
-89.297060	-30.326545	78.906005
-77.897653	-48.365276	81.472201
-67.203422	-51.671287	91.930692
-68.688989	-30.615542	100.938696
-53.937302	-71.300258	93.318345
-42.175668	-75.495503	99.584777
-51.488448	-81.759751	87.306927
-36.447568	-91.299838	91.570228
-23.023526	-94.974747	98.224817
-26.302772	-89.629904	100.227948
-7.677492	-101.552772	94.456782
8.292327	-100.428384	95.470687
11.601743	-89.770955	102.517126
-7.647321	-85.550500	103.506352
35.393411	-78.534744	105.868743
42.455724	-57.281224	111.161957
55.736734	-78.485475	104.605098
76.967317	-60.592294	108.414752
102.600187	-34.012540	99.163181
110.638781	-27.192373	88.032003
113.241582	-0.156623	79.704240
109.919942	23.037154	79.737094
103.469904	23.129898	90.366756
98.752950	-6.884047	101.465081
91.755058	54.439978	90.201829
77.563458	63.611388	100.724044
86.279816	72.761152	77.828893
59.409236	90.804926	78.978336
34.170909	94.123619	90.666066
46.849888	85.251256	100.038838
-2.670852	100.611328	87.891710
-34.180805	93.579978	94.061207
-3.872492	108.023488	76.060063
-27.980365	112.332854	70.108231
-53.469014	104.907467	75.821648
-60.871095	93.566751	87.942977
-65.770429	104.997831	70.868663
-80.193565	92.972411	75.870757
-86.809159	76.815992	83.645504
-79.788103	77.500696	90.764740
-96.359246	59.104914	83.195889
-99.050597	37.535538	87.395703
-98.524631	65.333288	73.781718
-106.429522	52.794043	70.121786
-108.394127	31.019353	75.206490
-103.180588	21.989221	83.066235
-111.532264	21.098924	70.091495
-106.583428	1.857753	72.996991
-117.003220	31.412011	61.041900
-119.888127	21.387035	54.790014
-115.482568	2.965846	56.799525
-107.648824	-6.250349	65.956908
-117.313208	-5.701848	50.396174
-111.064714	-23.377499	51.263204
-101.422653	-33.930393	58.949024
-99.837403	-25.470937	67.239376
-91.614201	-51.231484	60.860880
-78.629544	-60.810758	71.717427
-91.767688	-57.730298	55.135706
-79.921511	-72.322967	58.511770
-66.624939	-79.589656	68.684018
-65.486459	-74.576261	76.164501
-51.682258	-90.084230	75.468368
-35.502897	-94.610922	87.212152
-52.283826	-94.544388	67.768081
-35.780769	-103.874484	71.827812
-20.640347	-108.215990	78.841822
-20.964043	-103.412587	86.525876
-5.249419	-115.793931	67.618446
8.755389	-117.844295	62.272113
7.765824	-113.533295	74.085531
-6.562680	-106.679528	87.115917
27.259667	-109.575434	73.730565
28.900982	-101.597279	87.774856
50.377776	-106.766286	66.398588
77.492765	-92.378141	75.118864
78.027394	-84.480590	88.233635
52.553721	-90.890580	93.557651
96.979510	-67.774323	93.611481
92.736420	-56.291132	102.745151
112.306087	-60.316016	84.437335
116.101591	-42.012658	82.439826
124.218373	-11.717204	65.703496
131.226325	-5.410190	52.820689
131.899577	18.571709	41.967367
126.072239	39.172527	44.833225
120.129302	34.893341	58.963754
118.948688	7.985508	68.980703
116.264755	54.008100	57.372338
111.762500	50.294045	67.422140
112.703228	73.636069	41.667698
103.921317	86.613749	37.241549
95.557563	85.399698	51.202915
99.837220	68.707963	65.678867
75.035352	98.386549	51.569800
52.444429	99.738588	67.195195
68.432605	109.374269	35.888727
45.099877	117.871632	38.528831
25.262656	117.614766	54.065987
26.004462	110.469442	67.051278
-0.686378	122.867147	52.199357
-24.052446	120.031189	59.232815
-3.179044	128.529729	39.013727
-28.075494	131.116674	37.395328
-47.544783	126.566919	47.249133
-46.014399	121.144015	55.900990
-64.150133	125.764222	41.910334
-75.041616	118.497249	47.170543
-74.665600	111.691975	58.431773
-62.243734	113.536044	61.823421
-83.554186	103.226369	60.272740
-85.555456	93.045019	68.666482
-88.802323	105.056338	48.048667
-93.864651	98.907809	42.973573
-97.397493	87.149795	53.558222
-94.336435	83.116974	67.027057
-105.055802	77.845335	49.189048
-109.899634	61.273270	58.997952
-108.909313	80.117985	36.392915
-117.862606	68.899477	34.231827
-121.444656	55.165224	43.063069
-117.335196	49.811666	55.033061
-126.455534	45.520247	39.068363
-125.230981	30.141712	44.786469
-129.263868	45.828599	25.106911
-131.610022	37.705909	21.279553
-130.280384	28.734162	30.732927
-126.709677	21.478317	40.278391
-130.936589	19.922823	26.263447
-127.240954	3.966220	32.605214
-123.072534	-4.644813	40.674887
-123.197463	4.055946	43.878585
-116.474336	-22.617201	43.596828
-110.350772	-31.592094	47.667555
-112.520101	-33.238788	41.527772
-102.387297	-50.924157	44.235802
-96.852958	-57.354279	48.265504
-100.862198	-48.643802	49.628201
-86.277429	-72.102673	48.448979
-78.440492	-77.984867	53.187740
-81.594193	-79.406267	44.795965
-70.962112	-90.267889	41.249584
-62.950343	-94.691144	47.374560
-65.745487	-89.711714	55.659701
-46.308905	-103.698952	47.665364
-32.600992	-108.049618	60.010236
-39.902119	-107.355452	35.049123
-19.946072	-113.676631	31.493805
-6.611669	-116.571942	38.176139
-12.859803	-114.601429	54.076330
9.423866	-120.179423	28.950217
20.323521	-121.028269	27.720286
16.499137	-120.823595	37.540408
-0.648652	-118.004235	54.670529
30.605932	-119.989550	36.547045
27.462950	-119.220554	48.330834
47.707098	-116.194854	27.873671
67.290966	-108.660195	36.393600
72.318345	-105.334744	49.548414
49.591495	-112.100407	52.812274
95.514876	-92.816169	58.730393
99.903015	-85.193686	70.714529
109.763703	-85.740927	51.107113
124.176229	-73.019259	52.667142
125.788608	-64.738643	64.231048
115.764221	-69.837828	74.655154
130.202960	-47.883794	62.408259
123.974077	-34.679621	70.834857
135.028655	-41.424221	46.171197
135.807724	-21.913033	41.714988
137.039088	-9.971540	23.026574
136.474124	-18.301152	13.250012
136.706885	-6.381338	6.645449
136.203217	18.817400	0.442822
135.378638	31.665419	11.703670
136.447269	14.796293	27.682859
128.458617	55.867145	8.548768
123.699910	59.598837	27.393816
120.476457	62.781567	-11.158490
106.372311	77.263580	-13.661254
104.850007	85.697940	4.471893
114.195447	74.947619	25.819705
92.840521	97.132699	0.659333
93.404050	99.360058	17.580995
77.696035	100.455450	-18.986919
63.735986	110.249775	-20.985808
63.913971	116.700693	-3.059263
78.437549	109.133727	15.861288
46.648863	124.371700	-1.071616
37.839712	125.302097	20.489039
36.487141	126.596583	-18.448398
22.608311	132.749545	-14.548908
10.440147	135.930378	5.179400
15.509826	130.707813	22.840565
-8.657908	138.830615	8.709808
-28.484679	136.194995	24.752575
-10.466409	143.080282	-2.369239
-24.857852	144.316620	3.329465
-40.409952	140.898331	11.713789
-45.845280	137.026373	22.057852
-45.550447	141.152070	6.465102
-57.669981	137.119473	5.000899
-68.725651	130.984718	17.553539
-62.041445	131.145356	29.361806
-77.665397	125.535786	18.122310
-81.872673	118.429451	35.190786
-74.679190	128.334886	2.039990
-79.654123	123.894352	1.321150
-87.512451	116.119946	16.440628
-86.744794	113.454146	34.227943
-92.005011	109.501297	14.155083
-96.299681	100.686967	26.867305
-94.591401	106.081190	1.541574
-103.018408	93.712345	2.308498
-107.818372	87.647086	12.710523
-103.686035	91.201602	24.655821
-116.361485	72.223654	9.767817
-121.182441	64.559663	19.552026
-119.657273	64.683366	-3.720544
-125.888961	46.938489	-10.665135
-128.983558	41.052877	-2.306985
-127.572825	51.133762	14.421816
-132.132744	32.722918	-4.512807
-133.068166	34.681114	8.388636
-132.196798	25.115781	-14.104151
-133.422086	24.021597	-9.795693
-134.305222	26.931755	-1.236069
-134.015355	29.984134	7.356916
-134.064709	21.898958	-3.265333
-133.209224	15.474957	-0.823678
-132.647798	14.721211	9.627023
-133.213417	24.197591	15.778353
-128.138827	-0.776186	15.273955
-125.008810	-7.256410	27.767053
-124.402048	-10.542076	6.515604
-115.615783	-29.006670	13.628811
-111.229908	-38.473399	28.387780
-116.886156	-26.489029	33.767670
-100.574832	-55.770658	33.620316
-96.098276	-61.471656	41.708236
-95.062844	-63.637923	27.780657
-84.562676	-76.498806	31.200270
-79.857089	-82.365255	37.416616
-85.880701	-75.205371	42.084923
-69.742924	-92.149368	33.299720
-65.134454	-95.851107	34.421647
-64.091744	-96.500663	25.189439
-51.978831	-103.662374	17.465832
-43.211456	-107.390833	19.084848
-50.715900	-103.930861	27.930381
-27.420450	-112.162013	14.941764
-14.968847	-115.023221	20.231979
-20.323001	-112.558568	7.898324
-8.235261	-114.292950	7.949551
-1.024475	-116.651301	14.339960
-0.660612	-117.778126	19.578949
6.006841	-116.645484	11.489106
14.192910	-118.083289	13.064471
18.219904	-120.349997	17.951228
10.397698	-120.039017	21.614852
27.324949	-119.953058	16.039108
30.402399	-120.490925	18.472801
32.498929	-115.815990	7.255675
43.401839	-111.017555	3.973050
51.504641	-111.155252	13.903231
43.679181	-116.491554	19.619549
68.882849	-102.987662	16.874336
80.641257	-100.789305	31.110583
75.902076	-95.664427	8.481008
94.880426	-84.804041	9.675378
107.137406	-81.726583	23.600240
99.917463	-90.388612	36.642116
121.102009	-70.603267	21.040052
128.294592	-66.543629	35.641957
122.552379	-60.189870	1.950251
128.982051	-49.457776	-4.695113
133.969755	-45.130984	9.721532
134.732665	-51.803440	30.968801
135.530814	-35.537699	9.414320
137.072794	-22.698968	26.205380
133.958471	-33.894311	-2.170769
134.935487	-29.385191	4.843729
130.588118	12.860002	-21.468031
131.533106	28.479797	-16.104104
135.168248	-17.465377	-1.760833
133.719593	-7.886434	-13.327387
110.694305	43.550962	-39.535024
122.726366	48.242239	-24.550513
124.301201	15.075760	-34.532965
113.214127	26.004278	-44.153548
94.645819	54.782812	-44.101186
92.573734	73.956102	-31.619440
60.548183	78.657023	-47.076525
75.906944	85.713214	-33.132545
79.841854	48.310584	-55.609452
62.411008	60.427683	-57.071686
48.205751	89.757839	-47.934660
49.604463	106.608355	-35.989569
30.960041	109.907840	-45.721759
39.620726	115.284156	-35.439806
37.685032	84.168643	-57.475677
30.423058	95.642842	-55.812539
21.032918	120.848614	-39.689264
15.814773	132.377892	-25.507822
-6.138775	140.968846	-20.404570
1.838109	139.808392	-16.858561
10.019048	119.995778	-43.216884
-3.175981	132.685510	-32.581450
-23.583788	144.494474	-11.163934
-29.998347	144.570359	-1.919222
-33.703868	142.562746	-14.774936
-52.237961	138.606035	-6.994427
-49.673386	136.091237	-22.423919
-60.307424	135.270380	-10.524107
-27.267273	140.620137	-26.025639
-35.167329	137.484283	-30.144942
-59.627384	128.653347	-22.693699
-75.236356	123.391955	-11.512727
-86.955448	103.027421	-16.573606
-85.681074	112.197443	-9.006758
-53.225050	119.101964	-32.002452
-70.108395	104.670550	-28.388327
-99.846599	90.784080	-14.137208
-106.999232	87.585256	-5.803436
-118.160757	67.782507	-17.782245
-115.094984	73.979710	-8.889772
-102.847232	81.662882	-22.672225
-113.065638	72.266856	-23.230926
-124.113243	51.011701	-22.083456
-127.279158	39.464027	-20.135575
-129.872768	20.074769	-23.547612
-130.437808	25.971278	-21.368768
-123.903931	40.066965	-28.125094
-126.504806	22.622783	-28.356057
-131.391246	14.186476	-18.312259
-133.181573	18.988800	-11.824957
-130.238249	9.406217	-19.139849
-131.173091	7.784541	-10.210893
-122.410702	-7.550176	-20.387981
-126.874886	-2.735095	-8.518544
-126.271832	4.469637	-29.336072
-122.742490	-1.967119	-32.276553
-115.256026	-21.841769	-14.655172
-110.933946	-35.491283	4.327473
-97.050867	-55.275976	4.082960
-101.036083	-52.825278	13.246783
-108.998024	-25.036509	-25.355216
-100.690729	-41.136721	-15.536394
-87.347904	-69.480058	10.369383
-80.832951	-79.890242	22.952819
-66.937688	-91.301794	9.550769
-70.476185	-90.107986	21.058884
-83.784756	-69.405481	-1.536087
-73.731306	-81.009474	-0.460766
-52.202714	-99.169012	4.001124
-43.628297	-105.136915	7.785633
-16.084484	-108.772831	-5.622027
-27.763473	-109.261928	2.361210
-44.880173	-98.686124	-7.749423
-24.626767	-104.164929	-11.948150
-1.612695	-112.063653	-2.935766
-1.203945	-114.287133	5.098697
9.451808	-111.669039	-7.505051
18.046628	-115.330323	2.104778
29.734654	-107.158702	-18.854321
27.247602	-113.459963	-1.791899
5.082665	-106.428544	-21.023530
16.164537	-103.788567	-28.476124
40.851186	-102.667963	-21.126381
49.267044	-104.170789	-7.346584
70.888815	-89.813413	-14.778132
64.389072	-96.985252	-5.809731
44.753636	-97.110039	-31.717413
59.669236	-91.441026	-26.906017
87.651589	-78.027233	-13.285602
100.130196	-74.338686	-3.122831
114.969294	-48.034827	-22.440393
113.837546	-60.847830	-8.287769
90.814950	-69.863355	-24.164312
104.425306	-53.361805	-28.154163
123.004415	-34.550202	-26.579531
128.302339	-36.631111	-19.072271
131.246060	-16.572869	-20.792771
131.717699	-30.660931	-16.240715
123.447899	-21.291357	-33.435069
128.274182	-9.284204	-30.479866
107.187790	9.283108	-53.696955
102.609774	22.307309	-53.928895
124.460798	1.617989	-36.079416
117.951741	-0.477695	-45.468060
73.133100	33.092474	-67.736118
85.285986	33.381765	-60.818636
95.855222	8.054913	-64.082272
79.124320	20.789824	-71.231693
55.149896	46.231518	-70.260522
49.871936	58.637908	-64.805274
28.809491	72.786750	-68.617686
37.488393	71.278051	-64.351129
46.802082	46.042163	-74.892387
32.845220	59.957251	-73.703695
18.234880	85.473266	-66.224977
19.651808	95.438767	-60.295282
-4.579940	111.214531	-54.397148
9.174921	108.850929	-53.732121
7.765283	88.967550	-65.996935
-4.572650	101.296653	-60.732266
-14.744231	123.942399	-45.891978
-14.184399	134.268529	-34.591518
-21.851757	120.614951	-49.138672
-29.191981	127.805227	-41.957515
-33.232723	99.487569	-53.584882
-37.295704	116.860798	-43.545245
-18.498791	105.822140	-57.697303
-21.776033	95.639187	-60.555784
-48.783700	86.265533	-51.553558
-69.730027	89.207348	-37.899796
-91.314594	65.114402	-45.237269
-89.577712	78.443021	-34.620092
-52.264585	73.025392	-59.846127
-74.947794	62.638587	-56.809542
-105.300200	54.329591	-43.772046
-113.781725	58.262184	-33.713569
-115.395238	23.350110	-43.605398
-118.667532	42.833100	-34.306526
-103.003367	36.305550	-54.065990
-108.212598	20.755153	-53.306385
-118.183697	9.759102	-42.384836
-124.056866	11.797910	-33.316926
-113.155434	-1.291351	-49.370046
-115.499262	-5.689299	-43.242618
-98.884203	-17.754791	-52.073998
-108.909471	-14.467096	-42.054089
-104.564419	-2.890029	-58.467888
-96.882979	-10.575673	-62.360369
-92.051179	-29.435585	-46.271507
-93.769152	-42.248101	-26.432777
-79.387682	-55.263230	-32.344283
-86.566142	-56.312779	-18.718893
-81.668553	-30.325715	-58.392458
-76.208065	-42.088682	-52.179118
-72.149684	-67.283785	-29.000125
-69.274695	-79.937326	-14.299415
-47.014215	-88.709656	-29.195187
-55.158535	-89.746759	-16.038427
-61.820775	-67.927905	-43.396981
-50.801465	-79.544343	-41.853031
-26.633208	-95.699348	-31.738402
-14.524122	-102.215257	-22.780369
-12.038057	-94.576879	-40.595181
11.152901	-98.452811	-39.089742
29.043791	-92.750375	-44.293589
28.625468	-96.265021	-40.058971
-14.731721	-89.647769	-48.385281
8.877560	-90.009055	-51.114461
48.142021	-89.862477	-41.697259
62.639299	-87.708110	-32.651245
77.970692	-72.735012	-40.155970
77.022239	-77.916619	-31.402070
49.449579	-84.424883	-46.833476
64.895310	-77.088909	-46.541362
92.250559	-56.137647	-42.566893
104.912462	-44.817704	-37.802844
114.217160	-16.320410	-45.378053
115.899933	-26.231880	-38.944612
91.646812	-45.096480	-53.206014
102.625941	-23.865067	-54.875406
70.385338	2.310020	-85.901663
67.783397	18.386792	-80.248206
95.027955	-9.250545	-65.350730
80.898993	-12.592406	-78.153608
47.354707	25.799314	-85.618512
53.444362	30.500086	-81.384496
60.487301	-3.694563	-92.368062
51.795705	7.681437	-90.948622
34.684618	41.050975	-80.854911
26.817411	59.666835	-75.432203
5.720982	76.002469	-68.388431
12.312086	75.990617	-70.118152
30.354625	38.234970	-80.107911
15.896315	56.862683	-72.955483
-5.637145	86.914459	-64.320675
-11.383974	99.231710	-60.785726
-12.831263	81.062811	-66.068162
-21.855334	83.197109	-65.391694
-44.910790	65.091387	-70.249104
-36.792908	73.805350	-66.713362
-10.627709	67.332813	-69.126395
-27.769662	60.753149	-71.985669
-64.229433	53.393922	-70.509287
-78.794759	51.721079	-63.936960
-89.234241	21.927088	-70.511301
-92.864726	36.172852	-62.658632
-68.464567	41.000190	-76.399227
-79.399409	25.081582	-77.679570
-93.570327	6.870099	-69.795939
-102.410042	5.565467	-61.183665
-84.657865	-2.435385	-77.136551
-85.816141	-11.425661	-72.416758
-65.049045	-20.822675	-85.329200
-77.434738	-19.494910	-74.251338
-75.303210	-0.994460	-86.371712
-64.075793	-11.312502	-92.729780
-56.386364	-33.073921	-83.158566
-63.311569	-43.509123	-65.867363
-38.551729	-61.900842	-71.698175
-56.162277	-57.327791	-60.429385
-41.537088	-39.865798	-90.710744
-30.851746	-54.874051	-84.688331
-26.522882	-74.561538	-64.999087
-33.114122	-81.604926	-52.186346
-3.582565	-75.748426	-68.356526
13.435477	-83.153099	-58.272965
37.753850	-69.763035	-63.759519
34.909265	-80.456826	-56.588310
1.923251	-68.229591	-76.340526
21.785878	-64.940472	-73.428175
52.704117	-61.365471	-65.264823
65.305263	-64.723288	-57.801500
74.627066	-31.438672	-76.527499
77.776898	-49.328224	-62.055229
53.007376	-47.487239	-76.705616
62.458689	-32.955504	-83.714564
46.296325	-15.624164	-91.657116
46.588592	1.364944	-90.554865
58.832579	-20.113821	-91.807072
49.848716	-25.726930	-91.489883
31.734731	13.740875	-82.152882
37.817601	16.666818	-84.477755
40.539682	-16.253838	-86.622098
34.749079	-2.190672	-83.194974
15.117181	32.491020	-76.773514
6.741741	54.044675	-71.945960
-3.838469	29.774873	-79.231363
-29.355863	44.748863	-77.263082
-51.120037	20.447672	-88.104563
-50.732125	36.693370	-81.416456
-1.901518	13.997404	-82.689840
-27.806823	12.725697	-87.409666
-63.833909	11.138427	-91.607132
-74.380839	11.465518	-86.199368
-54.133058	-5.292204	-96.943130
-53.452570	-15.283155	-97.893434
-25.360942	-40.526983	-96.303519
-39.576548	-31.585205	-98.045033
-37.448887	-10.964442	-94.327767
-22.552794	-29.897171	-93.536557
-9.786821	-53.949437	-90.254143
-13.317083	-60.015912	-85.973244
7.602276	-54.550032	-86.763794
23.934640	-57.327388	-79.570543
40.673322	-39.353092	-88.034439
40.205871	-48.271719	-81.342681
12.792813	-45.079773	-87.811069
29.592628	-38.938502	-87.309576
16.881084	-6.868496	-80.637699
20.068480	0.782005	-81.274084
33.011380	-25.942013	-85.730002
24.033381	-19.529348	-81.666493
-1.118616	-8.634579	-82.940662
-23.836525	-2.255785	-88.296872
6.033680	-21.295431	-83.969456
-1.788136	-33.849366	-88.534456
303	103	308
308	1	303
303	1	316
316	106	303
303	106	304
304	103	303
304	106	318
318	2	304
304	2	305
305	103	304
305	2	324
324	108	305
305	108	306
306	103	305
306	108	326
326	3	306
306	3	307
307	103	306
307	3	309
309	104	307
307	104	308
308	103	307
308	104	312
312	1	308
309	3	334
334	111	309
309	111	310
310	104	309
310	111	336
336	4	310
310	4	311
311	104	310
311	4	313
313	105	311
311	105	312
312	104	311
312	105	316
316	1	312
313	4	344
344	114	313
313	114	314
314	105	313
314	114	346
346	5	314
314	5	315
315	105	314
315	5	317
317	106	315
315	106	316
316	105	315
317	5	354
354	117	317
317	117	318
318	106	317
318	117	356
356	2	318
319	107	324
324	2	319
319	2	356
356	118	319
319	118	320
320	107	319
320	118	358
358	6	320
320	6	321
321	107	320
321	6	364
364	120	321
321	120	322
322	107	321
322	120	366
366	7	322
322	7	323
323	107	322
323	7	325
325	108	323
323	108	324
324	107	323
325	7	327
327	109	325
325	109	326
326	108	325
326	109	330
330	3	326
327	7	370
370	122	327
327	122	328
328	109	327
328	122	372
372	8	328
328	8	329
329	109	328
329	8	331
331	110	329
329	110	330
330	109	329
330	110	334
334	3	330
331	8	380
380	125	331
331	125	332
332	110	331
332	125	382
382	9	332
332	9	333
333	110	332
333	9	335
335	111	333
333	111	334
334	110	333
335	9	337
337	112	335
335	112	336
336	111	335
336	112	340
340	4	336
337	9	386
386	127	337
337	127	338
338	112	337
338	127	388
388	10	338
338	10	339
339	112	338
339	10	341
341	113	339
339	113	340
340	112	339
340	113	344
344	4	340
341	10	396
396	130	341
341	130	342
342	113	341
342	130	398
398	11	342
342	11	343
343	113	342
343	11	345
345	114	343
343	114	344
344	113	343
345	11	347
347	115	345
345	115	346
346	114	345
346	115	350
350	5	346
347	11	402
402	132	347
347	132	348
348	115	347
348	132	404
404	12	348
348	12	349
349	115	348
349	12	351
351	116	349
349	116	350
350	115	349
350	116	354
354	5	350
351	12	412
412	135	351
351	135	352
352	116	351
352	135	414
414	13	352
352	13	353
353	116	352
353	13	355
355	117	353
353	117	354
354	116	353
355	13	357
357	118	355
355	118	356
356	117	355
357	13	418
418	137	357
357	137	358
358	118	357
358	137	420
420	6	358
359	119	364
364	6	359
359	6	420
420	138	359
359	138	360
360	119	359
360	138	422
422	14	360
360	14	361
361	119	360
361	14	428
428	140	361
361	140	362
362	119	361
362	140	430
430	15	362
362	15	363
363	119	362
363	15	365
365	120	363
363	120	364
364	119	363
365	15	367
367	121	365
365	121	366
366	120	365
366	121	370
370	7	366
367	15	434
434	142	367
367	142	368
368	121	367
368	142	436
436	16	368
368	16	369
369	121	368
369	16	371
371	122	369
369	122	370
370	121	369
371	16	373
373	123	371
371	123	372
372	122	371
372	123	376
376	8	372
373	16	440
440	144	373
373	144	374
374	123	373
374	144	442
442	17	374
374	17	375
375	123	374
375	17	377
377	124	375
375	124	376
376	123	375
376	124	380
380	8	376
377	17	450
450	147	377
377	147	378
378	124	377
378	147	452
452	18	378
378	18	379
379	124	378
379	18	381
381	125	379
379	125	380
380	124	379
381	18	383
383	126	381
381	126	382
382	125	381
382	126	386
386	9	382
383	18	456
456	149	383
383	149	384
384	126	383
384	149	458
458	19	384
384	19	385
385	126	384
385	19	387
387	127	385
385	127	386
386	126	385
387	19	389
389	128	387
387	128	388
388	127	387
388	128	392
392	10	388
389	19	462
462	151	389
389	151	390
390	128	389
390	151	464
464	20	390
390	20	391
391	128	390
391	20	393
393	129	391
391	129	392
392	128	391
392	129	396
396	10	392
393	20	472
472	154	393
393	154	394
394	129	393
394	154	474
474	21	394
394	21	395
395	129	394
395	21	397
397	130	395
395	130	396
396	129	395
397	21	399
399	131	397
397	131	398
398	130	397
398	131	402
402	11	398
399	21	478
478	156	399
399	156	400
400	131	399
400	156	480
480	22	400
400	22	401
401	131	400
401	22	403
403	132	401
401	132	402
402	131	401
403	22	405
405	133	403
403	133	404
404	132	403
404	133	408
408	12	404
405	22	484
484	158	405
405	158	406
406	133	405
406	158	486
486	23	406
406	23	407
407	133	406
407	23	409
409	134	407
407	134	408
408	133	407
408	134	412
412	12	408
409	23	494
494	161	409
409	161	410
410	134	409
410	161	496
496	24	410
410	24	411
411	134	410
411	24	413
413	135	411
411	135	412
412	134	411
413	24	415
415	136	413
413	136	414
414	135	413
414	136	418
418	13	414
415	24	500
500	163	415
415	163	416
416	136	415
416	163	502
502	25	416
416	25	417
417	136	416
417	25	419
419	137	417
417	137	418
418	136	417
419	25	421
421	138	419
419	138	420
420	137	419
421	25	506
506	165	421
421	165	422
422	138	421
422	165	508
508	14	422
423	139	428
428	14	423
423	14	508
508	166	423
423	166	424
424	139	423
424	166	510
510	26	424
424	26	425
425	139	424
425	26	516
516	168	425
425	168	426
426	139	425
426	168	518
518	27	426
426	27	427
427	139	426
427	27	429
429	140	427
427	140	428
428	139	427
429	27	431
431	141	429
429	141	430
430	140	429
430	141	434
434	15	430
431	27	522
522	170	431
431	170	432
432	141	431
432	170	524
524	28	432
432	28	433
433	141	432
433	28	435
435	142	433
433	142	434
434	141	433
435	28	437
437	143	435
435	143	436
436	142	435
436	143	440
440	16	436
437	28	528
528	172	437
437	172	438
438	143	437
438	172	530
530	29	438
438	29	439
439	143	438
439	29	441
441	144	439
439	144	440
440	143	439
441	29	443
443	145	441
441	145	442
442	144	441
442	145	446
446	17	442
443	29	534
534	174	443
443	174	444
444	145	443
444	174	536
536	30	444
444	30	445
445	145	444
445	30	447
447	146	445
445	146	446
446	145	445
446	146	450
450	17	446
447	30	544
544	177	447
447	177	448
448	146	447
448	177	546
546	31	448
448	31	449
449	146	448
449	31	451
451	147	449
449	147	450
450	146	449
451	31	453
453	148	451
451	148	452
452	147	451
452	148	456
456	18	452
453	31	550
550	179	453
453	179	454
454	148	453
454	179	552
552	32	454
454	32	455
455	148	454
455	32	457
457	149	455
455	149	456
456	148	455
457	32	459
459	150	457
457	150	458
458	149	457
458	150	462
462	19	458
459	32	556
556	181	459
459	181	460
460	150	459
460	181	558
558	33	460
460	33	461
461	150	460
461	33	463
463	151	461
461	151	462
462	150	461
463	33	465
465	152	463
463	152	464
464	151	463
464	152	468
468	20	464
465	33	562
562	183	465
465	183	466
466	152	465
466	183	564
564	34	466
466	34	467
467	152	466
467	34	469
469	153	467
467	153	468
468	152	467
468	153	472
472	20	468
469	34	572
572	186	469
469	186	470
470	153	469
470	186	574
574	35	470
470	35	471
471	153	470
471	35	473
473	154	471
471	154	472
472	153	471
473	35	475
475	155	473
473	155	474
474	154	473
474	155	478
478	21	474
475	35	578
578	188	475
475	188	476
476	155	475
476	188	580
580	36	476
476	36	477
477	155	476
477	36	479
479	156	477
477	156	478
478	155	477
479	36	481
481	157	479
479	157	480
480	156	479
480	157	484
484	22	480
481	36	584
584	190	481
481	190	482
482	157	481
482	190	586
586	37	482
482	37	483
483	157	482
483	37	485
485	158	483
483	158	484
484	157	483
485	37	487
487	159	485
485	159	486
486	158	485
486	159	490
490	23	486
487	37	590
590	192	487
487	192	488
488	159	487
488	192	592
592	38	488
488	38	489
489	159	488
489	38	491
491	160	489
489	160	490
490	159	489
490	160	494
494	23	490
491	38	600
600	195	491
491	195	492
492	160	491
492	195	602
602	39	492
492	39	493
493	160	492
493	39	495
495	161	493
493	161	494
494	160	493
495	39	497
497	162	495
495	162	496
496	161	495
496	162	500
500	24	496
497	39	606
606	197	497
497	197	498
498	162	497
498	197	608
608	40	498
498	40	499
499	162	498
499	40	501
501	163	499
499	163	500
500	162	499
501	40	503
503	164	501
501	164	502
502	163	501
502	164	506
506	25	502
503	40	612
612	199	503
503	199	504
504	164	503
504	199	614
614	41	504
504	41	505
505	164	504
505	41	507
507	165	505
505	165	506
506	164	505
507	41	509
509	166	507
507	166	508
508	165	507
509	41	618
618	201	509
509	201	510
510	166	509
510	201	620
620	26	510
511	167	516
516	26	511
511	26	620
620	202	511
511	202	512
512	167	511
512	202	622
622	42	512
512	42	513
513	167	512
513	42	625
625	203	513
513	203	514
514	167	513
514	203	624
624	43	514
514	43	515
515	167	514
515	43	517
517	168	515
515	168	516
516	167	515
517	43	519
519	169	517
517	169	518
518	168	517
518	169	522
522	27	518
519	43	628
628	205	519
519	205	520
520	169	519
520	205	632
632	44	520
520	44	521
521	169	520
521	44	523
523	170	521
521	170	522
522	169	521
523	44	525
525	171	523
523	171	524
524	170	523
524	171	528
528	28	524
525	44	634
634	207	525
525	207	526
526	171	525
526	207	638
638	45	526
526	45	527
527	171	526
527	45	529
529	172	527
527	172	528
528	171	527
529	45	531
531	173	529
529	173	530
530	172	529
530	173	534
534	29	530
531	45	640
640	209	531
531	209	532
532	173	531
532	209	644
644	46	532
532	46	533
533	173	532
533	46	535
535	174	533
533	174	534
534	173	533
535	46	537
537	175	535
535	175	536
536	174	535
536	175	540
540	30	536
537	46	646
646	211	537
537	211	538
538	175	537
538	211	650
650	47	538
538	47	539
539	175	538
539	47	541
541	176	539
539	176	540
540	175	539
540	176	544
544	30	540
541	47	650
650	212	541
541	212	542
542	176	541
542	212	652
652	48	542
542	48	543
543	176	542
543	48	545
545	177	543
543	177	544
544	176	543
545	48	547
547	178	545
545	178	546
546	177	545
546	178	550
550	31	546
547	48	654
654	214	547
547	214	548
548	178	547
548	214	658
658	49	548
548	49	549
549	178	548
549	49	551
551	179	549
549	179	550
550	178	549
551	49	553
553	180	551
551	180	552
552	179	551
552	180	556
556	32	552
553	49	660
660	216	553
553	216	554
554	180	553
554	216	664
664	50	554
554	50	555
555	180	554
555	50	557
557	181	555
555	181	556
556	180	555
557	50	559
559	182	557
557	182	558
558	181	557
558	182	562
562	33	558
559	50	666
666	218	559
559	218	560
560	182	559
560	218	670
670	51	560
560	51	561
561	182	560
561	51	563
563	183	561
561	183	562
562	182	561
563	51	565
565	184	563
563	184	564
564	183	563
564	184	568
568	34	564
565	51	672
672	220	565
565	220	566
566	184	565
566	220	676
676	52	566
566	52	567
567	184	566
567	52	569
569	185	567
567	185	568
568	184	567
568	185	572
572	34	568
569	52	676
676	221	569
569	221	570
570	185	569
570	221	678
678	53	570
570	53	571
571	185	570
571	53	573
573	186	571
571	186	572
572	185	571
573	53	575
575	187	573
573	187	574
574	186	573
574	187	578
578	35	574
575	53	680
680	223	575
575	223	576
576	187	575
576	223	684
684	54	576
576	54	577
577	187	576
577	54	579
579	188	577
577	188	578
578	187	577
579	54	581
581	189	579
579	189	580
580	188	579
580	189	584
584	36	580
581	54	686
686	225	581
581	225	582
582	189	581
582	225	690
690	55	582
582	55	583
583	189	582
583	55	585
585	190	583
583	190	584
584	189	583
585	55	587
587	191	585
585	191	586
586	190	585
586	191	590
590	37	586
587	55	692
692	227	587
587	227	588
588	191	587
588	227	696
696	56	588
588	56	589
589	191	588
589	56	591
591	192	589
589	192	590
590	191	589
591	56	593
593	193	591
591	193	592
592	192	591
592	193	596
596	38	592
593	56	698
698	229	593
593	229	594
594	193	593
594	229	702
702	57	594
594	57	595
595	193	594
595	57	597
597	194	595
595	194	596
596	193	595
596	194	600
600	38	596
597	57	702
702	230	597
597	230	598
598	194	597
598	230	704
704	58	598
598	58	599
599	194	598
599	58	601
601	195	599
599	195	600
600	194	599
601	58	603
603	196	601
601	196	602
602	195	601
602	196	606
606	39	602
603	58	706
706	232	603
603	232	604
604	196	603
604	232	710
710	59	604
604	59	605
605	196	604
605	59	607
607	197	605
605	197	606
606	196	605
607	59	609
609	198	607
607	198	608
608	197	607
608	198	612
612	40	608
609	59	712
712	234	609
609	234	610
610	198	609
610	234	716
716	60	610
610	60	611
611	198	610
611	60	613
613	199	611
611	199	612
612	198	611
613	60	615
615	200	613
613	200	614
614	199	613
614	200	618
618	41	614
615	60	718
718	236	615
615	236	616
616	200	615
616	236	722
722	61	616
616	61	617
617	200	616
617	61	619
619	201	617
617	201	618
618	200	617
619	61	621
621	202	619
619	202	620
620	201	619
621	61	724
724	238	621
621	238	622
622	202	621
622	238	625
625	42	622
623	203	626
626	62	623
623	62	629
629	204	623
623	204	624
624	203	623
624	204	628
628	43	624
625	238	626
626	203	625
626	238	723
723	62	626
627	204	630
630	63	627
627	63	631
631	205	627
627	205	628
628	204	627
629	62	729
729	239	629
629	239	630
630	204	629
630	239	728
728	63	630
631	63	635
635	206	631
631	206	632
632	205	631
632	206	634
634	44	632
633	206	636
636	64	633
633	64	637
637	207	633
633	207	634
634	206	633
635	63	732
732	241	635
635	241	636
636	206	635
636	241	736
736	64	636
637	64	641
641	208	637
637	208	638
638	207	637
638	208	640
640	45	638
639	208	642
642	65	639
639	65	643
643	209	639
639	209	640
640	208	639
641	64	738
738	243	641
641	243	642
642	208	641
642	243	742
742	65	642
643	65	647
647	210	643
643	210	644
644	209	643
644	210	646
646	46	644
645	210	648
648	66	645
645	66	649
649	211	645
645	211	646
646	210	645
647	65	744
744	245	647
647	245	648
648	210	647
648	245	748
748	66	648
649	66	651
651	212	649
649	212	650
650	211	649
651	66	655
655	213	651
651	213	652
652	212	651
652	213	654
654	48	652
653	213	656
656	67	653
653	67	657
657	214	653
653	214	654
654	213	653
655	66	748
748	246	655
655	246	656
656	213	655
656	246	750
750	67	656
657	67	661
661	215	657
657	215	658
658	214	657
658	215	660
660	49	658
659	215	662
662	68	659
659	68	663
663	216	659
659	216	660
660	215	659
661	67	752
752	248	661
661	248	662
662	215	661
662	248	756
756	68	662
663	68	667
667	217	663
663	217	664
664	216	663
664	217	666
666	50	664
665	217	668
668	69	665
665	69	669
669	218	665
665	218	666
666	217	665
667	68	758
758	250	667
667	250	668
668	217	667
668	250	762
762	69	668
669	69	673
673	219	669
669	219	670
670	218	669
670	219	672
672	51	670
671	219	674
674	70	671
671	70	675
675	220	671
671	220	672
672	219	671
673	69	764
764	252	673
673	252	674
674	219	673
674	252	768
768	70	674
675	70	677
677	221	675
675	221	676
676	220	675
677	70	681
681	222	677
677	222	678
678	221	677
678	222	680
680	53	678
679	222	682
682	71	679
679	71	683
683	223	679
679	223	680
680	222	679
681	70	768
768	253	681
681	253	682
682	222	681
682	253	770
770	71	682
683	71	687
687	224	683
683	224	684
684	223	683
684	224	686
686	54	684
685	224	688
688	72	685
685	72	689
689	225	685
685	225	686
686	224	685
687	71	772
772	255	687
687	255	688
688	224	687
688	255	776
776	72	688
689	72	693
693	226	689
689	226	690
690	225	689
690	226	692
692	55	690
691	226	694
694	73	691
691	73	695
695	227	691
691	227	692
692	226	691
693	72	778
778	257	693
693	257	694
694	226	693
694	257	782
782	73	694
695	73	699
699	228	695
695	228	696
696	227	695
696	228	698
698	56	696
697	228	700
700	74	697
697	74	701
701	229	697
697	229	698
698	228	697
699	73	784
784	259	699
699	259	700
700	228	699
700	259	788
788	74	700
701	74	703
703	230	701
701	230	702
702	229	701
703	74	707
707	231	703
703	231	704
704	230	703
704	231	706
706	58	704
705	231	708
708	75	705
705	75	709
709	232	705
705	232	706
706	231	705
707	74	788
788	260	707
707	260	708
708	231	707
708	260	790
790	75	708
709	75	713
713	233	709
709	233	710
710	232	709
710	233	712
712	59	710
711	233	714
714	76	711
711	76	715
715	234	711
711	234	712
712	233	711
713	75	792
792	262	713
713	262	714
714	233	713
714	262	796
796	76	714
715	76	719
719	235	715
715	235	716
716	234	715
716	235	718
718	60	716
717	235	720
720	77	717
717	77	721
721	236	717
717	236	718
718	235	717
719	76	798
798	264	719
719	264	720
720	235	719
720	264	802
802	77	720
721	77	725
725	237	721
721	237	722
722	236	721
722	237	724
724	61	722
723	237	726
726	62	723
723	238	724
724	237	723
725	77	804
804	266	725
725	266	726
726	237	725
726	266	729
729	62	726
727	239	730
730	78	727
727	78	733
733	240	727
727	240	728
728	239	727
728	240	732
732	63	728
729	266	730
730	239	729
730	266	803
803	78	730
731	240	734
734	79	731
731	79	735
735	241	731
731	241	732
732	240	731
733	78	809
809	267	733
733	267	734
734	240	733
734	267	808
808	79	734
735	79	739
739	242	735
735	242	736
736	241	735
736	242	738
738	64	736
737	242	740
740	80	737
737	80	741
741	243	737
737	243	738
738	242	737
739	79	812
812	269	739
739	269	740
740	242	739
740	269	816
816	80	740
741	80	745
745	244	741
741	244	742
742	243	741
742	244	744
744	65	742
743	244	746
746	81	743
743	81	747
747	245	743
743	245	744
744	244	743
745	80	818
818	271	745
745	271	746
746	244	745
746	271	822
822	81	746
747	81	749
749	246	747
747	246	748
748	245	747
749	81	753
753	247	749
749	247	750
750	246	749
750	247	752
752	67	750
751	247	754
754	82	751
751	82	755
755	248	751
751	248	752
752	247	751
753	81	822
822	272	753
753	272	754
754	247	753
754	272	824
824	82	754
755	82	759
759	249	755
755	249	756
756	248	755
756	249	758
758	68	756
757	249	760
760	83	757
757	83	761
761	250	757
757	250	758
758	249	757
759	82	826
826	274	759
759	274	760
760	249	759
760	274	830
830	83	760
761	83	765
765	251	761
761	251	762
762	250	761
762	251	764
764	69	762
763	251	766
766	84	763
763	84	767
767	252	763
763	252	764
764	251	763
765	83	832
832	276	765
765	276	766
766	251	765
766	276	836
836	84	766
767	84	769
769	253	767
767	253	768
768	252	767
769	84	773
773	254	769
769	254	770
770	253	769
770	254	772
772	71	770
771	254	774
774	85	771
771	85	775
775	255	771
771	255	772
772	254	771
773	84	836
836	277	773
773	277	774
774	254	773
774	277	838
838	85	774
775	85	779
779	256	775
775	256	776
776	255	775
776	256	778
778	72	776
777	256	780
780	86	777
777	86	781
781	257	777
777	257	778
778	256	777
779	85	840
840	279	779
779	279	780
780	256	779
780	279	844
844	86	780
781	86	785
785	258	781
781	258	782
782	257	781
782	258	784
784	73	782
783	258	786
786	87	783
783	87	787
787	259	783
783	259	784
784	258	783
785	86	846
846	281	785
785	281	786
786	258	785
786	281	850
850	87	786
787	87	789
789	260	787
787	260	788
788	259	787
789	87	793
793	261	789
789	261	790
790	260	789
790	261	792
792	75	790
791	261	794
794	88	791
791	88	795
795	262	791
791	262	792
792	261	791
793	87	850
850	282	793
793	282	794
794	261	793
794	282	852
852	88	794
795	88	799
799	263	795
795	263	796
796	262	795
796	263	798
798	76	796
797	263	800
800	89	797
797	89	801
801	264	797
797	264	798
798	263	797
799	88	854
854	284	799
799	284	800
800	263	799
800	284	858
858	89	800
801	89	805
805	265	801
801	265	802
802	264	801
802	265	804
804	77	802
803	265	806
806	78	803
803	266	804
804	265	803
805	89	860
860	286	805
805	286	806
806	265	805
806	286	809
809	78	806
807	267	810
810	90	807
807	90	813
813	268	807
807	268	808
808	267	807
808	268	812
812	79	808
809	286	810
810	267	809
810	286	859
859	90	810
811	268	814
814	91	811
811	91	815
815	269	811
811	269	812
812	268	811
813	90	865
865	287	813
813	287	814
814	268	813
814	287	864
864	91	814
815	91	819
819	270	815
815	270	816
816	269	815
816	270	818
818	80	816
817	270	820
820	92	817
817	92	821
821	271	817
817	271	818
818	270	817
819	91	868
868	289	819
819	289	820
820	270	819
820	289	872
872	92	820
821	92	823
823	272	821
821	272	822
822	271	821
823	92	827
827	273	823
823	273	824
824	272	823
824	273	826
826	82	824
825	273	828
828	93	825
825	93	829
829	274	825
825	274	826
826	273	825
827	92	872
872	290	827
827	290	828
828	273	827
828	290	874
874	93	828
829	93	833
833	275	829
829	275	830
830	274	829
830	275	832
832	83	830
831	275	834
834	94	831
831	94	835
835	276	831
831	276	832
832	275	831
833	93	876
876	292	833
833	292	834
834	275	833
834	292	880
880	94	834
835	94	837
837	277	835
835	277	836
836	276	835
837	94	841
841	278	837
837	278	838
838	277	837
838	278	840
840	85	838
839	278	842
842	95	839
839	95	843
843	279	839
839	279	840
840	278	839
841	94	880
880	293	841
841	293	842
842	278	841
842	293	882
882	95	842
843	95	847
847	280	843
843	280	844
844	279	843
844	280	846
846	86	844
845	280	848
848	96	845
845	96	849
849	281	845
845	281	846
846	280	845
847	95	884
884	295	847
847	295	848
848	280	847
848	295	888
888	96	848
849	96	851
851	282	849
849	282	850
850	281	849
851	96	855
855	283	851
851	283	852
852	282	851
852	283	854
854	88	852
853	283	856
856	97	853
853	97	857
857	284	853
853	284	854
854	283	853
855	96	888
888	296	855
855	296	856
856	283	855
856	296	890
890	97	856
857	97	861
861	285	857
857	285	858
858	284	857
858	285	860
860	89	858
859	285	862
862	90	859
859	286	860
860	285	859
861	97	892
892	298	861
861	298	862
862	285	861
862	298	865
865	90	862
863	287	866
866	98	863
863	98	869
869	288	863
863	288	864
864	287	863
864	288	868
868	91	864
865	298	866
866	287	865
866	298	891
891	98	866
867	288	870
870	99	867
867	99	871
871	289	867
867	289	868
868	288	867
869	98	897
897	299	869
869	299	870
870	288	869
870	299	896
896	99	870
871	99	873
873	290	871
871	290	872
872	289	871
873	99	877
877	291	873
873	291	874
874	290	873
874	291	876
876	93	874
875	291	878
878	100	875
875	100	879
879	292	875
875	292	876
876	291	875
877	99	896
896	300	877
877	300	878
878	291	877
878	300	900
900	100	878
879	100	881
881	293	879
879	293	880
880	292	879
881	100	885
885	294	881
881	294	882
882	293	881
882	294	884
884	95	882
883	294	886
886	101	883
883	101	887
887	295	883
883	295	884
884	294	883
885	100	900
900	301	885
885	301	886
886	294	885
886	301	902
902	101	886
887	101	889
889	296	887
887	296	888
888	295	887
889	101	893
893	297	889
889	297	890
890	296	889
890	297	892
892	97	890
891	297	894
894	98	891
891	298	892
892	297	891
893	101	902
902	302	893
893	302	894
894	297	893
894	302	897
897	98	894
895	299	898
898	102	895
895	102	899
899	300	895
895	300	896
896	299	895
897	302	898
898	299	897
898	302	901
901	102	898
899	102	901
901	301	899
899	301	900
900	300	899
901	302	902
902	301	901
