258 512
   -8.355695    -1.888033    40.147175
   -0.959258    -1.888033    37.751084
   -8.355695     6.029193    40.369271
  -16.581175    -1.888034    41.918965
   -8.355694    -9.749544    40.089167
    6.221309    -1.888033    35.758686
    2.290507     8.758169    36.915095
   -8.355696    14.201502    39.410261
  -19.916567     9.672837    40.037971
  -25.163197    -1.888035    41.143586
  -20.920845   -14.453186    43.466795
   -8.355693   -18.100414    39.706834
    2.373832   -12.617558    37.199579
   13.848354    -1.888033    33.797394
   10.906617     9.233068    33.854495
    3.343428    18.375444    35.584639
   -8.355696    22.064991    36.414920
  -20.135568    18.515301    35.826332
  -28.565518     9.780111    35.491915
  -33.004211    -1.888036    37.455797
  -32.666753   -15.924033    42.579393
  -22.479666   -26.351474    42.842725
   -8.355692   -26.554216    37.482237
    3.077187   -21.690359    34.787711
   11.420139   -13.305613    34.741925
   22.424271    -1.888033    31.346652
   18.800087     9.360260    29.959893
   13.050943    19.518606    30.840244
    3.963656    27.853515    32.758705
   -8.355697    29.654860    32.109579
  -19.695868    25.489562    30.199982
  -29.270902    19.027171    30.145253
  -36.260970     9.670707    30.771136
  -39.715489    -1.888036    31.926479
  -40.619646   -15.252203    35.488935
  -35.417696   -28.950040    38.838138
  -22.533052   -36.115211    37.613914
   -8.355691   -34.696264    33.374917
    3.164863   -29.701110    30.671344
   13.307546   -23.551268    31.203131
   21.017909   -14.054973    32.360443
   32.463780    -1.888033    27.841387
   27.289193     9.693693    25.609522
   21.645981    19.909461    25.345497
   15.353725    30.745185    27.518924
    4.780035    38.539592    28.969703
   -8.355697    37.508702    26.890743
  -19.215899    31.536230    24.049390
  -28.656324    26.053381    23.643898
  -37.736345    19.458255    24.832581
  -43.360225     9.485625    25.159629
  -44.788042    -1.888037    24.910002
  -44.443283   -13.613605    25.920548
  -41.553495   -26.007652    27.985222
  -33.689467   -36.756987    29.365447
  -21.619827   -42.710849    29.247350
   -8.355690   -43.075994    28.087601
    3.833459   -39.402374    26.922934
   14.869750   -33.855106    26.968748
   25.280080   -26.325847    28.346948
   32.434198   -15.141465    29.224219
   43.030921    -1.888033    21.851719
   38.023185    10.539151    20.455129
   32.508737    21.705058    20.111842
   27.358670    33.826333    21.487676
   19.079240    45.630671    23.294530
    5.624307    50.286051    22.940259
   -8.355697    45.318426    20.120241
  -18.888955    37.422620    17.424094
  -27.629441    31.495070    16.533578
  -36.437788    26.194056    17.016794
  -43.589831    18.454401    17.418912
  -46.768339     8.404600    17.039004
  -47.144197    -1.888037    16.633409
  -46.609832   -12.138202    16.971033
  -44.501298   -22.756712    17.854862
  -39.210727   -32.743072    18.641147
  -30.864505   -40.874446    19.213598
  -20.472319   -47.107912    19.958119
   -8.355689   -51.047919    20.929377
    4.839581   -51.133446    21.684371
   17.533238   -46.728966    22.013774
   28.735208   -38.978925    22.294030
   38.028774   -28.668109    22.752033
   43.539597   -15.793326    22.820705
   50.511932    -1.888033    12.276184
   48.459284    11.079615    12.158518
   45.299416    23.950907    12.412450
   41.324876    37.730902    13.206340
   34.272617    51.566182    14.166424
   21.735745    60.597491    14.361993
    5.796829    60.118236    13.217685
   -8.355698    52.396558    11.364562
  -18.752415    43.662964     9.860354
  -27.045764    36.922289     9.135076
  -34.669992    31.109047     8.961753
  -40.960837    24.113696     8.862035
  -44.648030    15.589431     8.579164
  -46.249287     6.760928     8.298030
  -47.408251    -1.888037     8.334722
  -48.505641   -11.052000     8.758390
  -47.976326   -20.968328     9.313973
  -44.107242   -30.398947     9.662540
  -37.193404   -38.049385     9.766800
  -28.773023   -44.285065     9.926935
  -19.387252   -50.220470    10.427844
   -8.355688   -55.653664    11.261334
    4.562299   -58.485428    12.114125
   17.951134   -56.514707    12.626948
   29.769679   -49.695726    12.729846
   39.098469   -39.731454    12.639899
   45.921379   -28.026484    12.549763
   49.888785   -15.181946    12.450176
   51.988527    -1.888033     0.566685
   52.052427    10.127890     0.566684
   51.280613    22.814135     0.566684
   49.077159    36.487374     0.566684
   43.926170    50.393834     0.566684
   34.269225    61.904672     0.566684
   20.352908    67.420672     0.566684
    5.040646    65.459934     0.566684
   -8.355698    58.401861     0.566685
  -18.695055    50.091428     0.566685
  -26.801232    42.643425     0.566685
  -33.596474    35.887457     0.566685
  -39.019323    28.775591     0.566685
  -42.544585    20.956249     0.566685
  -44.433427    13.055849     0.566685
  -45.887307     5.577465     0.566686
  -47.885550    -1.888037     0.566685
  -50.104172   -10.192326     0.566685
  -50.861107   -19.494356     0.566685
  -48.468789   -28.690752     0.566685
  -42.897710   -36.430055     0.566685
  -35.499762   -42.512010     0.566685
  -27.312122   -47.652911     0.566685
  -18.367092   -52.218756     0.566685
   -8.355688   -55.629905     0.566685
    2.583386   -56.882467     0.566685
   13.810174   -55.401154     0.566685
   24.604985   -51.217161     0.566685
   34.313226   -44.556941     0.566685
   42.223106   -35.683696     0.566685
   47.735331   -25.121687     0.566685
   50.797520   -13.654329     0.566685
   48.859516    -1.888033   -10.814129
   47.745790    10.916765   -10.879577
   45.649068    24.119291   -11.356275
   41.520931    37.887251   -12.122851
   34.033962    51.266919   -12.956917
   22.287007    61.742199   -13.481349
    7.044248    65.583537   -13.199390
   -8.355698    61.256026   -11.993451
  -20.652065    51.985868   -10.425088
  -29.552229    42.127016    -9.150785
  -36.280410    33.128447    -8.342155
  -41.238759    24.335331    -7.799373
  -44.370685    15.455868    -7.384563
  -46.577224     6.835778    -7.231568
  -49.037672    -1.888037    -7.525463
  -51.254098   -11.679318    -8.185781
  -50.900503   -22.376538    -8.826191
  -46.526827   -32.328502    -9.144757
  -39.207573   -40.575074    -9.276012
  -30.270192   -47.393968    -9.479936
  -19.828263   -52.152666    -9.688696
   -8.355688   -53.194250    -9.638757
    2.785517   -50.700844    -9.392485
   13.342742   -46.945285    -9.380879
   24.380233   -42.937576    -9.877079
   35.687850   -37.011578   -10.638806
   44.489768   -27.337056   -11.100329
   48.511095   -14.867497   -11.035720
   43.752877    -1.888033   -21.017394
   40.358183    11.164811   -20.323066
   35.292600    23.312322   -20.309974
   28.590823    35.058486   -21.076086
   19.871701    47.003254   -22.817658
    7.277848    56.457151   -24.453215
   -8.355698    56.648960   -23.680133
  -21.544001    47.331386   -20.539855
  -30.267376    36.064106   -17.585545
  -36.694283    26.450551   -16.033675
  -41.698086    17.362202   -15.380734
  -45.222443     7.990379   -15.242714
  -48.162525    -1.888037   -15.921844
  -50.038373   -13.056877   -17.307909
  -48.107715   -24.838878   -18.446415
  -41.697028   -35.229373   -18.964218
  -32.612290   -43.901699   -19.528141
  -21.195900   -49.808355   -19.982768
   -8.355689   -49.690145   -19.233599
    3.127262   -44.742990   -17.810612
   13.690801   -40.073672   -17.697227
   25.959682   -36.203400   -19.534795
   38.070244   -28.692052   -21.638498
   44.185853   -15.966489   -21.964468
   37.002865    -1.888033   -29.740938
   32.951378    11.533449   -28.454204
   25.287216    22.554974   -27.219476
   16.266559    32.001593   -27.423240
    5.630733    41.157771   -29.675775
   -8.355697    44.154399   -30.197887
  -20.975827    36.952732   -26.721464
  -29.161938    26.749299   -23.085297
  -34.936696    17.424191   -21.386941
  -39.232676     8.144503   -21.126389
  -43.186770    -1.888036   -22.706696
  -46.031786   -14.129741   -25.903205
  -43.108826   -27.137667   -28.136424
  -34.045795   -37.247431   -28.637143
  -21.912376   -43.611225   -28.746553
   -8.355690   -44.122761   -27.653659
    3.891228   -39.580169   -25.914478
   15.508632   -34.734451   -26.561643
   27.867211   -28.205507   -29.350327
   36.042964   -16.314024   -30.626241
   28.018480    -1.888033   -35.807493
   23.949606    11.493261   -34.400324
   14.068818    20.536481   -31.146369
    3.443463    26.597656   -30.266004
   -8.355697    29.825020   -31.146370
  -19.770675    25.670161   -29.262093
  -27.277200    17.033469   -26.192363
  -31.709916     7.785600   -24.711742
  -36.073439    -1.888036   -27.151060
  -39.494865   -14.786303   -33.138113
  -34.255758   -27.788102   -36.061542
  -21.995406   -34.817220   -35.075610
   -8.355691   -36.347262   -33.892546
    4.627258   -33.231642   -33.359396
   16.483143   -26.726864   -34.560734
   25.189821   -15.783035   -35.742721
   17.737022    -1.888033   -38.483830
   12.419324    10.106430   -35.335283
    2.004537    16.056417   -30.443687
   -8.355696    18.747655   -30.316808
  -18.727268    16.076055   -30.477625
  -25.199955     7.837003   -28.542411
  -29.327800    -1.888035   -30.820291
  -30.634209   -14.750542   -37.933522
  -21.662746   -24.936528   -39.264146
   -8.355692   -27.836714   -38.268264
    4.823714   -24.715432   -38.882069
   14.497760   -15.082477   -38.927091
    7.990203    -1.888033   -38.895810
    1.496617     7.964280   -33.071220
   -8.355696    11.184802   -30.993936
  -18.000416     7.756687   -32.362456
  -22.930256    -1.888035   -34.619424
  -20.325571   -13.857912   -40.301040
   -8.355693   -19.214976   -41.264263
    3.961426   -14.205150   -41.486596
   -0.523490    -1.888033   -38.808485
   -8.355695     5.023947   -34.182197
  -15.938367    -1.888034   -37.553996
   -8.355694   -10.295838   -41.702220
   -8.355699    -1.888033   -38.701872
     1      2      3
     1      3      4
     1      4      5
     1      5      2
     2      6      7
     7      3      2
     3      7      8
     3      8      9
     9      4      3
     4      9     10
     4     10     11
    11      5      4
     5     11     12
     5     12     13
    13      2      5
     2     13      6
     6     14     15
    15      7      6
     7     15     16
    16      8      7
     8     16     17
     8     17     18
    18      9      8
     9     18     19
    19     10      9
    10     19     20
    10     20     21
    21     11     10
    11     21     22
    22     12     11
    12     22     23
    12     23     24
    24     13     12
    13     24     25
    25      6     13
     6     25     14
    14     26     27
    27     15     14
    15     27     28
    28     16     15
    16     28     29
    29     17     16
    17     29     30
    17     30     31
    31     18     17
    18     31     32
    32     19     18
    19     32     33
    33     20     19
    20     33     34
    20     34     35
    35     21     20
    21     35     36
    36     22     21
    22     36     37
    37     23     22
    23     37     38
    23     38     39
    39     24     23
    24     39     40
    40     25     24
    25     40     41
    41     14     25
    14     41     26
    26     42     43
    43     27     26
    27     43     44
    44     28     27
    28     44     45
    45     29     28
    29     45     46
    46     30     29
    30     46     47
    30     47     48
    48     31     30
    31     48     49
    49     32     31
    32     49     50
    50     33     32
    33     50     51
    51     34     33
    34     51     52
    34     52     53
    53     35     34
    35     53     54
    54     36     35
    36     54     55
    55     37     36
    37     55     56
    56     38     37
    38     56     57
    38     57     58
    58     39     38
    39     58     59
    59     40     39
    40     59     60
    60     41     40
    41     60     61
    61     26     41
    26     61     42
    42     62     63
    63     43     42
    43     63     64
    64     44     43
    44     64     65
    65     45     44
    45     65     66
    66     46     45
    46     66     67
    67     47     46
    47     67     68
    47     68     69
    69     48     47
    48     69     70
    70     49     48
    49     70     71
    71     50     49
    50     71     72
    72     51     50
    51     72     73
    73     52     51
    52     73     74
    52     74     75
    75     53     52
    53     75     76
    76     54     53
    54     76     77
    77     55     54
    55     77     78
    78     56     55
    56     78     79
    79     57     56
    57     79     80
    57     80     81
    81     58     57
    58     81     82
    82     59     58
    59     82     83
    83     60     59
    60     83     84
    84     61     60
    61     84     85
    85     42     61
    42     85     62
    62     86     87
    87     63     62
    63     87     88
    88     64     63
    64     88     89
    89     65     64
    65     89     90
    90     66     65
    66     90     91
    91     67     66
    67     91     92
    92     68     67
    68     92     93
    68     93     94
    94     69     68
    69     94     95
    95     70     69
    70     95     96
    96     71     70
    71     96     97
    97     72     71
    72     97     98
    98     73     72
    73     98     99
    99     74     73
    74     99    100
    74    100    101
   101     75     74
    75    101    102
   102     76     75
    76    102    103
   103     77     76
    77    103    104
   104     78     77
    78    104    105
   105     79     78
    79    105    106
   106     80     79
    80    106    107
    80    107    108
   108     81     80
    81    108    109
   109     82     81
    82    109    110
   110     83     82
    83    110    111
   111     84     83
    84    111    112
   112     85     84
    85    112    113
   113     62     85
    62    113     86
    86    114    115
   115     87     86
    87    115    116
   116     88     87
    88    116    117
   117     89     88
    89    117    118
   118     90     89
    90    118    119
   119     91     90
    91    119    120
   120     92     91
    92    120    121
   121     93     92
    93    121    122
    93    122    123
   123     94     93
    94    123    124
   124     95     94
    95    124    125
   125     96     95
    96    125    126
   126     97     96
    97    126    127
   127     98     97
    98    127    128
   128     99     98
    99    128    129
   129    100     99
   100    129    130
   100    130    131
   131    101    100
   101    131    132
   132    102    101
   102    132    133
   133    103    102
   103    133    134
   134    104    103
   104    134    135
   135    105    104
   105    135    136
   136    106    105
   106    136    137
   137    107    106
   107    137    138
   107    138    139
   139    108    107
   108    139    140
   140    109    108
   109    140    141
   141    110    109
   110    141    142
   142    111    110
   111    142    143
   143    112    111
   112    143    144
   144    113    112
   113    144    145
   145     86    113
    86    145    114
   146    115    114
   147    115    146
   147    116    115
   148    116    147
   148    117    116
   149    117    148
   149    118    117
   150    118    149
   150    119    118
   151    119    150
   151    120    119
   152    120    151
   152    121    120
   153    121    152
   153    122    121
   153    123    122
   154    123    153
   154    124    123
   155    124    154
   155    125    124
   156    125    155
   156    126    125
   157    126    156
   157    127    126
   158    127    157
   158    128    127
   159    128    158
   159    129    128
   160    129    159
   160    130    129
   160    131    130
   161    131    160
   161    132    131
   162    132    161
   162    133    132
   163    133    162
   163    134    133
   164    134    163
   164    135    134
   165    135    164
   165    136    135
   166    136    165
   166    137    136
   167    137    166
   167    138    137
   167    139    138
   168    139    167
   168    140    139
   169    140    168
   169    141    140
   170    141    169
   170    142    141
   171    142    170
   171    143    142
   172    143    171
   172    144    143
   173    144    172
   173    145    144
   146    145    173
   146    114    145
   174    147    146
   175    147    174
   175    148    147
   176    148    175
   176    149    148
   177    149    176
   177    150    149
   178    150    177
   178    151    150
   179    151    178
   179    152    151
   180    152    179
   180    153    152
   180    154    153
   181    154    180
   181    155    154
   182    155    181
   182    156    155
   183    156    182
   183    157    156
   184    157    183
   184    158    157
   185    158    184
   185    159    158
   186    159    185
   186    160    159
   186    161    160
   187    161    186
   187    162    161
   188    162    187
   188    163    162
   189    163    188
   189    164    163
   190    164    189
   190    165    164
   191    165    190
   191    166    165
   192    166    191
   192    167    166
   192    168    167
   193    168    192
   193    169    168
   194    169    193
   194    170    169
   195    170    194
   195    171    170
   196    171    195
   196    172    171
   197    172    196
   197    173    172
   174    173    197
   174    146    173
   198    175    174
   199    175    198
   199    176    175
   200    176    199
   200    177    176
   201    177    200
   201    178    177
   202    178    201
   202    179    178
   203    179    202
   203    180    179
   203    181    180
   204    181    203
   204    182    181
   205    182    204
   205    183    182
   206    183    205
   206    184    183
   207    184    206
   207    185    184
   208    185    207
   208    186    185
   208    187    186
   209    187    208
   209    188    187
   210    188    209
   210    189    188
   211    189    210
   211    190    189
   212    190    211
   212    191    190
   213    191    212
   213    192    191
   213    193    192
   214    193    213
   214    194    193
   215    194    214
   215    195    194
   216    195    215
   216    196    195
   217    196    216
   217    197    196
   198    197    217
   198    174    197
   218    199    198
   219    199    218
   219    200    199
   220    200    219
   220    201    200
   221    201    220
   221    202    201
   222    202    221
   222    203    202
   222    204    203
   223    204    222
   223    205    204
   224    205    223
   224    206    205
   225    206    224
   225    207    206
   226    207    225
   226    208    207
   226    209    208
   227    209    226
   227    210    209
   228    210    227
   228    211    210
   229    211    228
   229    212    211
   230    212    229
   230    213    212
   230    214    213
   231    214    230
   231    215    214
   232    215    231
   232    216    215
   233    216    232
   233    217    216
   218    217    233
   218    198    217
   234    219    218
   235    219    234
   235    220    219
   236    220    235
   236    221    220
   237    221    236
   237    222    221
   237    223    222
   238    223    237
   238    224    223
   239    224    238
   239    225    224
   240    225    239
   240    226    225
   240    227    226
   241    227    240
   241    228    227
   242    228    241
   242    229    228
   243    229    242
   243    230    229
   243    231    230
   244    231    243
   244    232    231
   245    232    244
   245    233    232
   234    233    245
   234    218    233
   246    235    234
   247    235    246
   247    236    235
   248    236    247
   248    237    236
   248    238    237
   249    238    248
   249    239    238
   250    239    249
   250    240    239
   250    241    240
   251    241    250
   251    242    241
   252    242    251
   252    243    242
   252    244    243
   253    244    252
   253    245    244
   246    245    253
   246    234    245
   254    247    246
   255    247    254
   255    248    247
   255    249    248
   256    249    255
   256    250    249
   256    251    250
   257    251    256
   257    252    251
   257    253    252
   254    253    257
   254    246    253
   258    255    254
   258    256    255
   258    257    256
   258    254    257
