1021 2038
   -0.114966    16.280342    84.081233
   -0.114966    -1.355414    85.731375
    8.034896    -9.117188    85.731375
   26.552440    -9.117188    84.081233
   -1.728374    22.408300    83.364068
  -25.082741     0.165989    83.364068
  -18.712441    -1.355414    84.074090
   -2.462375   -16.831683    84.074090
    8.034896   -18.157171    84.885471
   14.401455   -24.791242    83.697396
   17.614836   -24.385467    83.448931
   32.224453   -10.471757    83.448931
   60.173810    33.561172    72.413573
   47.544432    -9.543541    81.024992
   71.071075    -9.543541    74.567959
   74.688361    -8.080981    73.400631
   73.879871     2.047419    72.413573
   59.985888    36.795131    71.936370
   57.621813    39.046624    71.936370
   44.746520    39.725354    73.745694
   -1.248960    27.501921    82.497076
   -1.728374    26.548706    82.717311
   45.509773   -10.471757    81.472774
   18.740838    49.984364    73.745694
   -1.248960    51.431448    75.601104
   -3.001652    53.372912    74.842444
  -26.871826    51.644880    72.626665
  -54.762001    40.642515    72.626665
  -66.704146    40.012934    70.948632
  -58.304968    11.346072    76.675746
  -33.795349     0.165989    82.068002
  -70.323303    41.405257    69.788958
  -79.951031    19.268897    69.788958
  -76.556360    16.489182    71.052542
  -63.835827    11.346072    75.157745
  -54.772715    -9.492522    75.157745
  -38.468909   -15.785102    78.881151
  -31.485354   -22.436010    78.881151
  -24.864377   -22.785154    79.811747
    8.397475   -35.906531    79.811577
   14.401455   -36.341217    80.368881
   15.340895   -37.382016    79.962255
   27.483717   -36.502949    78.835063
   41.864426   -30.829916    78.835063
   51.328382   -30.330945    77.505154
   60.496084   -33.858096    74.567959
   82.878358    26.227112    64.771866
   75.465048    -8.314310    73.056760
   90.677546    -8.314310    65.699911
   89.999496     0.916486    64.771866
   82.520371    32.382451    63.863718
   77.436273    37.118765    65.048052
   76.525915    37.332877    65.368114
   60.819888    52.290787    65.368114
   58.117382    52.873431    66.170992
   54.751283    56.150756    65.369475
   39.406985    56.960096    67.525391
   19.703916    61.988242    67.525391
   -3.001652    63.501142    69.699504
   -3.441781    63.949944    69.414474
  -33.744329    61.930930    66.512993
  -47.184238    58.501227    66.512993
  -73.510494    57.112475    62.813906
  -73.040263    43.992968    68.284391
  -76.666563    59.357335    60.696765
  -78.558027    58.949688    60.134869
  -92.889758    45.300429    60.134869
  -92.418507    44.699419    60.558162
  -92.193511    44.615577    60.678398
  -83.114413    20.219051    68.388471
  -98.120622    24.432755    60.558162
  -98.263646    22.484999    60.753907
  -96.348373    20.781796    61.911880
  -95.326961    20.219051    62.482449
  -87.152780    -8.834199    62.482449
  -85.959263    -8.777228    63.067473
  -79.496277   -10.296249    65.339543
  -38.101058   -49.720243    65.339543
  -32.315952   -45.605516    69.220260
  -21.955073   -46.151936    70.676018
    8.612097   -53.952484    70.676018
   13.215081   -54.259111    71.116656
   15.340895   -52.090781    72.493334
   22.171222   -51.635686    71.839263
   50.726861   -44.348565    71.839263
   62.880057   -43.707589    70.131639
   62.598769   -35.860613    73.403523
   85.999564   -36.621485    64.110823
   73.232093   -51.070560    63.187539
   87.578959   -37.406845    63.187539
   87.360936   -37.128959    63.383284
   93.981742   -13.596874    63.383284
   94.143304   -11.396401    63.604539
   97.811099    21.519709    55.776440
  103.756917   -11.396401    56.466224
  103.197232    -4.268800    55.776440
   93.024955    31.661204    57.054139
   92.240275    31.996063    57.510594
   97.393419    27.137471    55.007745
   78.957166    50.929076    57.510594
   78.677579    51.046931    57.642905
   77.050736    52.596224    57.642905
   73.818137    53.341620    58.786423
   57.029306    64.025453    58.786423
   54.380881    64.598742    59.571444
   52.505573    66.241402    58.763464
   35.421848    67.393593    60.989787
   10.947262    72.030079    60.989617
   -3.441781    73.054722    62.315955
   -4.334623    73.816104    61.590457
  -31.449810    71.885014    59.091180
  -51.593177    68.069092    59.091180
  -76.357894    66.398882    55.864023
  -80.340480    69.114482    52.157623
  -81.242846    68.919248    51.889941
  -94.840915    60.265993    51.889941
  -95.364376    60.145246    51.704910
  -94.110825    46.080518    59.182675
  -96.940369    60.608844    50.426530
 -106.503303    46.978462    50.426530
 -105.488184    45.628145    51.746066
 -105.597876    44.154020    51.947763
 -109.624849    24.873054    51.947763
 -109.812261    22.484999    52.178881
 -110.337932    21.925995    51.701849
 -109.845083    15.649570    51.094376
 -105.742261    -3.994655    51.094376
 -105.425260    -8.258189    50.511053
  -87.374715    -8.975864    62.309492
 -105.774234    -8.722296    50.057489
 -102.778366   -21.275996    46.149732
  -90.083683   -39.370248    46.149732
  -88.163137   -46.924712    43.343997
  -81.191486   -53.564395    43.343997
  -74.574761   -55.090050    45.684433
  -39.909531   -52.287716    63.237198
  -47.553109   -72.285507    45.684433
  -45.756201   -72.674616    46.217248
  -39.211584   -68.211937    52.308131
  -33.894837   -68.570434    53.000976
    7.217733   -76.358908    53.000976
    7.601400   -76.386288    53.036350
   13.215081   -71.598784    57.598008
   21.476846   -71.010359    56.836456
   58.251564   -64.043810    56.836456
   73.011348   -63.048419    54.913019
   73.518653   -51.477356    62.854381
   95.641408   -53.265761    51.652530
   78.266702   -66.631861    50.021945
   79.998985   -66.256868    49.508348
   97.552940   -55.086308    49.508348
   94.629520   -41.911701    57.689162
  103.749434   -41.549122    51.728039
   98.338471   -55.317257    48.871284
  105.947016   -44.472372    48.871284
  103.885486   -39.718031    51.978545
  107.419780   -22.796208    51.978545
  107.963648   -15.870475    52.648771
  109.501548    14.169323    45.445662
  113.729877   -15.870475    46.291736
  112.911864    -6.336793    45.445662
  105.796168    26.342417    46.628805
  108.742037    22.627003    44.421360
  105.347876    28.050721    46.139698
   94.568637    48.198680    46.139698
   94.095175    49.883685    45.551272
   93.827323    50.004431    45.703481
   77.193590    65.846000    45.703481
   77.182196    65.850762    45.708753
   76.160955    65.574916    46.822509
   75.953816    65.627637    46.891386
   52.692134    76.915711    46.891386
   51.358823    77.233053    47.254815
   47.885753    79.730799    45.289712
   38.296799    80.511909    46.395646
    8.397475    85.022037    46.395646
   -4.334623    86.012836    47.471818
   -5.595316    86.821496    46.315545
  -20.566831    85.656209    45.050261
  -57.762971    80.045590    45.050261
  -79.384034    78.284395    42.556425
  -81.335191    79.276215    40.418366
  -98.321128    71.033668    40.418366
  -97.845456    70.325006    41.454403
  -98.415344    62.013412    48.383708
 -100.390141    71.592672    38.162112
 -109.589305    62.831595    38.162112
 -109.324344    61.942155    39.180292
 -108.419427    61.391314    40.440304
 -107.102272    47.281178    49.752732
 -116.529324    48.475036    39.180292
 -116.689185    47.865862    39.354779
 -115.895321    46.449219    40.984683
 -116.125589    43.885657    41.295222
 -118.862788    27.426582    41.295222
 -119.243394    22.990262    41.688923
 -118.490855    21.925995    42.713565
 -117.937973    15.482736    42.141806
 -115.308426    -0.329071    42.141806
 -114.787346    -6.132544    41.438927
 -113.298426    -8.010234    42.554554
 -110.223478   -19.726872    39.200189
 -103.761172   -31.805920    39.200189
 -100.742856   -42.547235    35.449573
  -97.144788   -46.366218    36.212315
  -94.219497   -52.620364    33.119000
  -80.350684   -65.828814    33.119000
  -78.816356   -68.917707    31.277364
  -72.412383   -74.390404    30.059188
  -71.688415   -75.371169    29.364812
  -46.695811   -87.499196    29.364812
  -44.146364   -88.105988    30.059868
  -40.958833   -90.398466    28.256327
  -38.656661   -90.585878    28.521969
   -7.120800   -95.342940    28.521799
    0.323292   -95.922182    29.151040
    7.601400   -91.254574    35.825076
    8.601553   -91.176684    35.740554
   61.011211   -83.271206    35.740554
   74.155887   -82.200476    34.224423
   76.568261   -80.465641    35.589366
   76.864684   -80.072110    35.949564
   99.881982   -67.940343    37.010941
   99.830112   -68.927911    35.949564
   99.926539   -67.850718    37.064341
  100.635881   -57.505315    45.689365
  107.218423   -57.095968    40.462753
  107.916880   -60.240983    37.064341
  108.078953   -59.894220    37.235767
  107.251586   -57.116206    40.416665
  106.044633   -44.521691    48.761592
  112.018852   -43.956394    42.804210
  112.129394   -47.998503    40.416665
  112.816798   -45.379840    41.166313
  112.567312   -37.850885    43.543653
  114.526122   -26.072343    43.543653
  115.220498   -17.978773    44.261838
  117.124378     9.408179    34.630879
  119.839468   -17.978773    36.443603
  120.261059   -17.051918    35.513007
  119.218900    -5.743775    34.630879
  115.531037    21.493179    33.971706
  115.979159    20.735709    33.461851
  114.073579    26.624045    32.687034
  106.150074    44.841934    32.687034
  105.236994    47.785081    31.777696
   94.233949    49.987765    45.284100
  104.628501    49.066862    31.156788
   92.597071    63.999943    31.156788
   92.498434    64.013208    31.285357
  105.242266    47.838312    31.707289
   92.196568    64.162185    31.442157
   75.644637    76.258069    31.442157
   74.946350    76.574390    31.740111
   74.817950    76.562826    31.902354
   70.778903    77.699541    33.090769
   49.208520    86.208751    33.090769
   46.567578    86.889182    33.720520
   42.193332    89.235911    30.916486
   30.268364    90.329430    32.088575
    4.852977    93.516111    32.088575
   -5.595316    94.389565    32.864752
  -38.432855    97.231864    20.495234
  -58.103781    94.765579    20.495234
  -16.854309    99.035575    22.098098
  -75.908242    93.132614    18.745093
  -79.656818    91.121763    21.147944
  -81.699981    80.025863    39.080804
  -79.855624    91.070574    21.100495
  -99.361077    83.375806    21.100495
 -100.065487    82.744524    21.716301
 -100.619899    81.608659    23.314744
 -100.251368    80.829760    24.925431
 -101.890116    73.405056    34.494997
 -110.148139    74.645511    23.314744
 -110.377387    73.092136    25.444640
 -109.776717    72.520037    26.998355
 -110.857651    63.783620    35.718276
 -117.285604    64.517791    25.444640
 -117.087988    62.536362    28.070276
 -117.186115    62.220211    28.168063
 -122.501162    49.999500    28.168063
 -122.930916    48.486940    28.546798
 -122.453713    46.903123    30.481969
 -122.898094    42.509150    30.935533
 -124.817279    28.624861    30.935533
 -125.149076    25.026112    31.216141
 -124.222901    22.990262    33.260154
 -123.968824    20.234527    33.045362
 -121.481281     2.239423    33.045362
 -120.874318    -3.764217    32.425644
 -119.987259    -5.264022    33.435151
 -118.377422   -10.930763    32.016297
 -110.651872   -28.693727    32.016297
 -107.185774   -39.864967    28.565165
 -105.897871   -41.515279    29.121788
 -103.179039   -46.957704    26.683224
  -93.421551   -59.068384    26.683224
  -90.797276   -63.893302    24.051976
  -86.417418   -68.064490    24.051976
  -84.737515   -70.268705    22.551491
  -70.521598   -80.657474    22.551491
  -69.780284   -81.552357    21.778885
  -60.812409   -87.900039    18.897982
  -60.162760   -88.082859    19.089135
  -41.884838   -95.293281    19.089135
  -39.966503   -95.787491    19.546610
  -31.884667  -100.122962    14.366086
  -28.208028  -100.460201    14.727474
   -6.307208  -103.206243    14.727474
    0.323292  -103.760485    15.219983
    5.200590  -105.773206    10.555776
   24.439211  -104.165070     9.126718
   49.285559  -101.049817     9.126718
   60.931110   -99.981637     7.982010
   69.928747   -95.155018    13.749599
   72.100649   -93.362532    16.184592
   92.143338   -85.455863    16.184592
   95.342433   -82.589074    18.981314
   95.968443   -81.306443    20.786385
   98.243064   -78.560401    23.156923
  100.255615   -69.442188    34.909276
  105.066759   -73.573751    23.156923
  106.333914   -71.911194    24.288707
  106.806695   -68.706826    28.682000
  106.887816   -68.558019    28.763121
  112.019192   -59.105458    32.399114
  111.650831   -62.646214    28.763121
  112.252351   -61.442153    29.302568
  112.574625   -57.315352    32.952166
  116.764860   -44.720497    35.089205
  116.132558   -49.134878    32.952166
  117.084923   -45.782554    33.791607
  117.519269   -37.259909    35.859260
  119.149003   -25.470142    35.859260
  121.213934     7.087640    24.153165
  123.127848   -17.051918    26.962301
  123.584132   -14.879335    24.834786
  122.586360    -4.512844    24.153165
  119.873991    19.521954    23.099271
  117.806509    27.224885    20.808494
  113.461685    39.050195    20.808494
  119.895079    20.208167    22.278877
  111.402536    45.282913    19.193555
  111.379917    45.413523    19.015497
  109.784026    48.459049    17.859224
  102.020041    60.227218    17.859224
  101.482806    61.150501    17.428449
   92.799959    64.193307    30.409692
  100.677037    62.670204    15.560113
   89.330460    73.476483    15.560113
   89.253421    73.372914    15.999391
  101.064275    62.185348    15.848544
   88.947303    74.020352    14.636319
   71.916299    84.212016    14.636319
   71.417668    84.290246    15.283077
   67.783546    85.379173    16.179830
   49.996091    91.306964    16.179830
   40.611386    93.840595    18.052928
   39.670756    94.171202    17.432190
   21.849628    95.913009    18.870601
   -1.064270    98.371811    18.870601
  -16.854309    99.750359    19.859530
  -47.639673   100.273309     7.876399
  -54.658772    99.520091     7.876399
  -25.473891   101.392338    11.820720
  -31.665623   101.668014     8.876893
  -70.970230    97.925900     6.559755
  -74.713704    96.610276     9.030291
  -77.171146    95.946852     8.539824
  -93.212881    90.600854     8.539824
  -93.448762    90.463441     8.725195
  -95.961815    89.091696     9.715314
  -97.150910    88.208547    10.792847
 -106.883228    82.384496    10.792847
 -107.305670    82.021577    11.116311
 -107.883722    81.201353    12.509144
 -107.810254    81.102715    12.927845
 -110.262763    74.754693    22.892982
 -115.364378    74.076813    12.509144
 -115.749575    73.124449    13.963371
 -115.464546    72.931765    15.116073
 -117.411792    64.600783    25.042436
 -121.552368    64.329359    13.963371
 -121.821411    62.771562    16.084934
 -121.881274    62.590443    16.131872
 -126.661976    49.578588    16.131872
 -126.860101    48.912953    16.271325
 -126.810102    47.278117    18.226394
 -127.181525    43.831066    18.518566
 -128.949862    28.883530    18.518396
 -129.228769    25.986980    18.709039
 -129.026902    25.026112    19.650010
 -128.582011    20.403912    19.345933
 -126.577113     3.457940    19.345933
 -125.969980    -2.176319    18.868560
 -125.990218    -2.836512    18.078948
 -123.724100   -10.449818    16.483567
 -117.577435   -27.179637    16.483567
 -115.394479   -33.786669    14.771691
 -113.250638   -37.349023    16.244965
 -111.896239   -39.934014    15.263519
 -100.938941   -56.542066    15.263519
 -100.219055   -57.779290    14.686318
  -96.654660   -61.840786    15.294981
  -96.305006   -62.278704    15.034612
  -82.887546   -75.057229    15.034612
  -82.706597   -75.258926    14.882403
  -76.741731   -80.007145    14.031057
  -76.522007   -80.123130    14.128675
  -59.833174   -90.041329    14.330882
  -60.392348   -89.775518    14.128675
  -50.562922   -94.905703    11.188588
  -51.358147   -94.667442    10.992333
  -32.697748  -100.859174    11.188588
  -31.522768  -101.176515    11.423108
  -22.585334  -104.317619     5.525079
  -17.625384  -104.802304     5.925412
    0.333496  -106.729483     5.925412
    5.200590  -107.154305     6.230169
   11.360010  -108.327755     0.485878
   27.182191  -106.946316    -0.505262
   36.824545  -105.911639    -0.505262
   54.500267  -104.184117    -1.931938
   60.172280  -102.190614     1.811366
   63.000803  -101.427021     1.246920
   80.926350   -95.453313     1.246920
   82.394183   -94.598225     2.400982
   86.315715   -92.457615     3.945854
   90.291668   -89.504604     7.549024
  100.946250   -81.400999    12.622408
   97.106009   -85.426782     7.549024
   99.648823   -83.242465     9.495080
  102.872918   -79.252396    14.242618
  109.424678   -70.828049    19.668037
  107.225055   -75.107398    14.242618
  108.175039   -73.917793    14.950259
  109.949159   -69.926534    20.088608
  113.959976   -63.847215    20.088608
  114.408097   -62.992127    20.413432
  114.863021   -60.359178    23.999426
  115.705354   -57.809392    24.660129
  120.048478   -44.859100    25.906877
  119.127235   -48.495944    24.660129
  120.063614   -45.350419    25.319302
  120.914280   -36.824372    26.587818
  122.579728   -22.747229    26.587818
  124.729691   -14.879335    14.312175
  124.729691   -13.520515    13.021380
  122.586360     7.204815    13.021380
  121.212574    19.026554    12.821894
  122.241298    10.331633    12.821894
  120.545238    21.932967    10.224829
  115.868787    36.615032    10.224829
  114.469831    40.746935     9.391510
  113.573077    43.187710     9.391510
  111.551513    47.378966     6.020308
  106.283745    56.764691     6.020308
  104.964890    58.971457     5.200764
  104.007253    60.328917     3.204370
  102.195889    62.641633     1.496405
   95.920315    69.924333     1.496405
   95.562327    70.310721     1.261375
   89.085056    74.163207    13.221207
   93.212027    72.526159    -2.478528
   84.109460    79.640665    -2.478528
   93.416956    72.354053    -2.359822
   83.922898    79.773146    -2.609648
   72.010005    84.326980    13.562528
   82.938731    80.403067    -3.988366
   71.820722    86.062665    -3.988366
   68.649177    87.330671    -0.277884
   64.604348    88.572827     0.499143
   59.413109    90.072631     0.499143
   39.147975    94.699934    13.447734
   24.830871    96.284091    13.044169
    5.375417    98.371811    13.044169
  -14.759956   100.387423    11.820720
  -42.420203   101.645905    -0.640633
  -57.053119   100.273309    -0.640633
  -41.064784   101.668014     0.372955
  -61.071928    99.871105    -0.884847
  -69.437093    98.973331    -0.884847
  -70.063443    98.842891    -0.351863
  -84.112355    94.784286    -0.351863
  -85.250771    94.434632    -0.133159
  -90.701869    92.617997    -0.133159
  -91.199310    92.400313     0.247957
 -102.757278    86.493950     0.490130
 -102.072596    86.865203     0.247957
 -103.553523    86.017598     0.490130
 -103.636515    85.958585     0.548462
 -112.187390    79.275195     0.548462
 -112.302184    79.166013     0.742166
 -112.227016    79.094416     2.029730
 -115.461655    74.161676    11.593003
 -118.616023    71.838926     0.742166
 -118.802755    71.574305     1.131275
 -118.659050    71.527197     2.864579
 -121.659169    64.408440    13.011687
 -124.124604    61.913924     2.148945
 -124.116610    61.914434     2.228366
 -123.706073    62.837548     1.131275
 -123.838894    62.562212     1.352700
 -128.582181    47.368592     3.910310
 -128.129638    49.339817     2.148945
 -128.949862    44.196366     3.971193
 -128.844592    45.150772     3.910310
 -130.697452    25.986980     5.216751
 -130.697452    27.298183     3.971193
 -128.582011     5.593788     5.276443
 -128.685071     6.527786     5.216751
 -127.773862    -1.237049     5.276443
 -121.407303   -21.677179     3.829359
 -127.402099    -2.856579     3.829359
 -117.904131   -31.239603     3.758442
 -121.288427   -22.028364     3.758442
 -108.356503   -48.333191     3.291273
 -117.624033   -31.820375     3.291273
 -104.308952   -54.409449     3.522051
 -108.248001   -48.514651     3.223927
 -104.625103   -54.006054     3.223927
  -92.695883   -67.886262     3.522051
  -92.462724   -68.137958     3.675110
  -88.477077   -71.826842     4.227652
  -89.431143   -71.025154     3.675110
  -73.634811   -83.427496     4.227652
  -73.573928   -83.470692     4.184795
  -67.717224   -86.975565     4.184795
  -49.647972   -96.195647     3.950105
  -67.053630   -87.335253     3.950105
  -41.253896   -99.257840     2.004390
  -47.107879   -97.307023     2.004390
  -22.036364  -104.872881     1.340115
  -37.795791  -100.319897     1.340115
   -9.962759  -106.729483    -3.390247
  -16.477955  -106.030345    -3.390247
   11.360010  -108.754618    -3.632420
   -5.977452  -107.128285    -3.632420
   15.809935  -108.754618    -7.658542
   35.088520  -106.946316    -7.658542
   53.797558  -104.894820    -7.288650
   37.050732  -106.749890    -7.777758
   53.222907  -105.014546    -7.777758
   69.495421  -100.359692    -7.288650
   70.731455   -99.980107    -7.051239
   76.626423   -98.015514    -7.051239
   79.433349   -96.787474    -4.901106
   88.734722   -92.052690    -4.901106
   90.634860   -91.022435    -4.229008
   91.472941   -90.486220    -3.055218
   94.397211   -88.408704    -0.998280
  103.013392   -81.241308     3.282770
  100.377382   -83.734803    -0.998280
  100.529080   -83.607255    -0.910357
  103.662020   -80.540810     3.708783
  110.518197   -71.987213     8.553939
  108.111095   -75.377972     3.708783
  108.262283   -75.184948     3.851297
  110.556632   -71.922758     8.577918
  116.286637   -61.085527    12.169524
  114.550442   -64.806552     8.577918
  115.664198   -62.497578    10.435030
  116.908225   -59.249503    12.539926
  121.180092   -45.837995    12.539926
  121.610526   -43.963197    14.215238
  122.579728   -35.668950    14.312175
  122.411873   -37.189502    14.215238
  123.072066   -13.520515    -2.206253
  122.241298    -4.889878    -1.638576
  119.684879    16.717239    -1.638576
  118.970775    23.345018    -1.077021
  117.179139    27.969090    -4.281218
  116.942578    28.763634    -4.114724
  109.241858    49.722974    -4.114724
  108.166876    51.396755    -5.496674
  106.847851    53.588725    -6.403291
  104.045857    57.010435    -9.659358
   98.109223    66.008753    -9.659358
   96.381701    67.832871   -11.125150
   93.332093    69.899503   -15.450077
   86.186636    76.704660   -15.450077
   94.007762    69.350023   -14.964881
   85.799737    76.984928   -15.669291
   82.869175    80.210893    -6.422508
   83.266957    77.913993   -19.352392
   74.453331    83.188394   -19.352392
   74.602308    83.371044   -17.645108
   71.834838    85.844302    -6.249212
   72.827678    83.443152   -21.461030
   67.292908    85.287678   -21.461030
   65.695996    86.993262   -12.838726
  -20.638599   100.387423     6.501933
  -45.679161   100.367355   -10.024828
  -51.363249    99.871105    -9.668882
  -63.294340    98.590685    -9.668882
  -70.513095    97.885254    -9.086239
  -70.760370    97.798351    -9.249331
  -76.979653    96.119128    -8.008026
  -92.432793    91.071084    -7.261270
  -89.406993    91.977701    -8.008026
  -95.617092    89.332848    -8.515670
  -95.945658    89.088804    -8.813454
 -106.502112    82.771564    -8.813454
 -107.231692    82.144874    -9.371948
 -112.137051    79.227237    -0.314448
 -107.749710    81.541143    -9.941837
 -115.216251    74.430209    -9.941837
 -115.258427    74.467113    -9.543034
 -107.317235    82.023448    -9.578067
 -118.496127    71.799641    -0.704918
 -115.357235    74.081745   -10.473971
 -121.132817    65.327642   -10.473971
 -121.202034    65.378831    -9.856974
 -125.961817    52.273951   -10.243192
 -121.140640    65.281724   -10.536555
 -125.817942    52.551497   -10.536555
 -126.549733    50.756630    -9.191679
 -128.844592    31.140295    -9.399669
 -126.814014    48.303440    -9.399669
 -129.430126    27.298183    -7.670447
 -129.031833    29.194579    -9.527558
 -128.685071    19.557497    -7.161442
 -125.977633    -4.133939    -6.394788
 -126.952277     4.911487    -7.161442
 -123.242135   -12.560837    -6.912126
 -124.997378    -6.663828    -8.147989
 -115.537504   -33.938026    -5.865375
 -116.872175   -29.897959    -6.912126
 -111.712569   -40.293871    -8.494072
 -100.268714   -57.595279    -8.667709
 -111.563251   -40.476181    -8.667709
  -97.213664   -60.996753    -9.834696
  -99.316690   -58.600535    -9.475518
  -95.916577   -62.051667   -10.766142
  -81.609846   -75.677117   -10.766142
  -79.254104   -77.383380   -12.100814
  -78.710746   -77.815856   -12.023264
  -77.882528   -78.252923   -12.391285
  -55.016078   -91.936706   -12.391115
  -50.741831   -94.059289   -12.959983
  -52.034666   -93.353688   -13.469328
  -24.112179  -102.880908   -13.348242
  -49.168898   -94.530709   -13.348072
  -17.914495  -104.577308   -14.341422
  -18.198164  -104.477650   -14.528494
    6.532541  -107.128285   -14.950936
  -10.361561  -105.315561   -14.950936
   15.809935  -107.938306   -15.532048
   16.202615  -107.863477   -15.898369
   28.958352  -106.749890   -15.099403
   54.053166  -104.174764   -14.106392
   41.749972  -105.377295   -15.099403
   61.642323  -101.829565   -15.718440
   57.690859  -102.896384   -16.507032
   76.057385   -97.025565   -15.718440
   78.579962   -96.269625   -15.095831
   79.781302   -95.613854   -15.569122
   81.273794   -94.904512   -15.029506
   93.465764   -87.906161   -13.161340
   92.181092   -88.377412   -15.029506
   93.933273   -87.567562   -12.896549
  101.094887   -80.746929   -12.896549
  103.349611   -79.305797    -9.249501
  103.370529   -79.283688    -9.231815
  111.115296   -68.414994    -5.798539
  109.220090   -70.417512    -9.231815
  109.321959   -70.293194    -9.113619
  111.340462   -68.064660    -5.509259
  118.259563   -49.920069    -3.740921
  117.392400   -51.592660    -5.509259
  119.128255   -47.677930    -2.187376
  119.539133   -43.865240    -2.510500
  122.411873   -19.583507    -2.510500
  122.930742   -14.193122    -2.864916
  116.681188   -14.193122   -21.504736
  116.010621    -6.916375   -20.937229
  111.275157    27.339679   -20.937059
  111.017508    29.888955   -20.673968
  109.063290    33.193151   -22.897910
  108.273677    34.060994   -23.919491
   97.025908    59.922461   -23.919491
   95.958749    61.002545   -24.910971
   94.157419    61.799980   -27.325046
   93.218490    62.505411   -28.097142
   84.872882    72.863739   -28.097142
   84.861488    72.871562   -28.104455
   83.034138    77.601414   -20.679580
   81.904395    73.267303   -31.965784
   73.640929    79.306147   -31.965784
   73.821369    79.554612   -31.133995
   72.511357    82.418679   -25.025085
   67.602426    79.709711   -37.115017
   59.231649    83.011866   -37.115017
   70.156295    78.990846   -36.363669
   56.806860    83.636686   -37.693238
   30.154080    84.744490   -45.173214
   15.152803    86.625411   -45.173214
   19.405282    87.225061   -41.866127
   53.733443    83.611516   -39.849834
   50.912402    82.840611   -43.132772
   -5.543106    88.889998   -45.036141
  -10.689617    91.013602   -40.114796
   -2.489416    88.100046   -46.483736
  -36.857542    96.919624   -23.786330
  -46.015890    96.154161   -23.106070
  -70.643875    93.536178   -21.734154
  -72.088919    93.931070   -20.052550
  -56.685778    94.816429   -23.106070
  -77.627771    92.503883   -18.731824
  -97.487129    84.669491   -18.731824
  -98.037630    84.514562   -18.569922
  -99.094245    83.766786   -18.909372
  -99.300363    83.517810   -19.124164
 -110.009536    75.691752   -19.124164
 -115.099926    73.907769   -11.514259
 -110.114126    74.983941   -20.094386
 -116.558065    66.985777   -20.094386
 -116.696498    67.076932   -19.653407
 -121.071254    65.262167   -10.766823
 -116.496671    66.370141   -20.910359
 -121.593694    54.650952   -20.910359
 -121.903723    53.771034   -20.949984
 -121.788078    53.966779   -21.081614
 -124.551297    33.749094   -21.284332
 -122.231268    50.531633   -21.284332
 -125.505022    29.194579   -20.046428
 -124.835306    30.666663   -21.524634
 -124.638710    19.792868   -19.313107
 -121.083158    -7.883535   -18.561589
 -121.819370    -0.602026   -19.313107
 -117.568422   -15.759252   -20.427714
 -118.625037   -12.039757   -21.358991
 -105.773893   -42.877671   -20.427714
 -101.880762   -47.630482   -22.546385
 -104.897038   -43.765411   -21.242496
  -86.156198   -65.472017   -25.358243
  -98.460582   -50.200166   -25.358243
  -83.017646   -67.641708   -27.393072
  -80.786901   -67.940173   -30.306118
  -76.404492   -70.102211   -32.582100
  -60.089632   -82.024968   -32.582100
  -56.464523   -83.667628   -34.128843
  -26.359080   -95.549400   -34.114387
  -55.510288   -83.581235   -35.333244
  -52.999276   -84.287855   -36.072007
  -28.105139   -94.108267   -36.072177
  -20.101193   -98.938118   -30.003062
  -20.588089   -98.645266   -30.415130
    8.993383  -102.586185   -30.003062
   16.202615  -104.861827   -25.299230
   11.118517  -102.763733   -30.160882
   29.947281  -103.712867   -24.278159
   58.517036  -100.491323   -23.225626
   47.808883  -101.473279   -24.278159
   64.406392   -97.545964   -26.325573
   63.638718   -97.743750   -26.508563
   82.087725   -90.570912   -26.325573
   82.293674   -90.386222   -26.505502
   82.497242   -90.242176   -26.570977
   82.539248   -90.223129   -26.553120
   92.053543   -88.206156   -15.756534
   94.162861   -82.746725   -24.326797
   93.387024   -82.295712   -26.553120
   93.652156   -82.260168   -26.207038
  100.676527   -80.464110   -14.588527
  102.359491   -73.263552   -23.168144
  101.188933   -72.905735   -26.207038
  101.563927   -72.739751   -25.704495
  108.515340   -56.756858   -25.704495
  110.072626   -55.045323   -23.689563
  110.922272   -53.608782   -22.722743
  111.059004   -52.255914   -22.862366
  115.664198   -18.941511   -22.862366
  115.954670   -15.790034   -23.108281
  102.654895   -15.790034   -45.620485
  100.537243   -12.795017   -48.504280
   99.466003   -11.641975   -49.896603
   93.183116    26.137998   -49.896603
   92.360511    35.297707   -48.787268
   93.088730    36.597005   -47.292225
   92.974106    37.033562   -47.167228
   80.855603    59.685220   -47.167228
   80.453059    61.117509   -46.667236
   81.201516    63.630391   -43.789904
   82.548602    64.641429   -41.194539
   81.525830    72.906935   -32.944849
   70.805943    73.530904   -43.789904
   71.244371    74.060827   -42.717983
   68.196464    73.287881   -45.968608
   55.999051    79.206829   -45.968608
   69.076211    73.063565   -45.676096
   51.378891    80.306640   -47.228281
   36.590876    80.208172   -51.099984
   21.094029    82.545888   -51.099984
   49.169915    79.183530   -49.648988
    4.109963    83.867634   -52.535334
  -25.775587    87.315195   -43.326136
  -41.256617    84.980030   -43.326136
  -67.825045    82.815951   -40.261732
  -72.207624    85.043975   -35.459092
  -77.431686    83.800288   -34.034797
  -93.909298    75.804335   -34.034797
  -98.451228    74.646702   -32.524448
 -100.760713    75.270671   -30.005953
 -101.044892    75.614032   -29.311237
 -109.749847    74.637178   -21.036377
 -109.787261    66.673877   -30.005953
 -110.654593    67.325057   -28.334553
 -116.155691    66.223885   -21.581946
 -115.632060    55.262846   -30.363600
 -109.694235    66.361638   -30.363600
 -115.705528    54.982749   -30.443871
 -117.966374    34.590747   -32.233466
 -115.012343    53.745695   -31.867146
 -115.283937    50.720236   -32.233466
 -118.303103    30.666663   -32.581760
 -115.553660    22.816456   -35.398719
 -115.940558    27.325393   -35.798882
 -109.583523   -13.549766   -35.275762
 -109.674678   -12.535157   -35.398719
 -103.801648   -20.842160   -39.608172
  -84.378847   -53.019166   -42.643665
 -100.320754   -23.221201   -42.643665
  -82.475308   -54.293465   -43.926806
  -81.726681   -54.329178   -44.693120
  -77.751068   -56.120474   -46.950565
  -61.288761   -71.798611   -46.950565
  -58.014837   -73.187703   -48.492885
  -57.755318   -73.409468   -48.443396
  -54.765742   -74.171360   -49.437597
  -35.482735   -83.528855   -49.437597
  -34.307245   -83.808612   -49.758170
  -29.344574   -87.377599   -46.950224
    4.973213   -92.442139   -47.136276
  -25.943611   -87.654635   -47.342395
    4.793965   -92.291121   -47.342395
   11.118517   -96.383399   -41.500997
   23.017976   -95.457224   -40.495402
   65.045667   -90.102043   -38.858865
   51.780585   -91.118522   -40.495402
   64.936995   -90.046942   -38.977910
   66.692408   -89.710213   -38.409893
   84.236499   -82.361697   -36.728118
   83.548585   -81.530419   -38.409893
   92.484488   -81.436033   -28.887945
   93.440255   -73.711163   -36.598019
   83.549776   -81.508651   -38.433192
   92.487890   -72.996210   -38.433192
  100.003749   -72.397240   -28.541352
   99.329781   -58.290846   -39.843032
   91.990789   -71.327360   -40.344044
   99.034888   -58.160746   -40.344044
   97.182878   -54.856380   -44.146020
   98.024361   -45.486301   -45.280865
  102.326499   -19.617180   -45.280865
   90.024156   -11.641975   -60.305781
   86.199731    -7.574357   -63.776470
   85.351106     3.232093   -62.730570
   80.874991    24.663874   -62.730570
   80.025175    36.093102   -61.166821
   80.286055    36.440035   -60.827541
   79.135735    41.260702   -59.327056
   67.609909    57.688825   -59.327056
   67.393416    58.540171   -59.010905
   67.814327    59.837939   -57.905651
   69.850007    61.776851   -55.086141
   49.726368    71.348288   -57.905651
   49.946092    71.742669   -57.439843
   49.430114    71.146251   -58.181327
   40.562577    71.744370   -59.336920
   21.154572    75.421008   -59.336920
   10.403053    76.186642   -60.327889
    4.109963    81.553558   -55.214200
  -23.798919    79.566006   -52.641795
  -35.869804    77.279140   -52.641795
  -66.966727    75.182067   -48.589482
  -68.511428    76.235280   -47.151922
  -77.083902    74.379700   -44.610468
  -97.773859    65.178665   -41.153894
  -99.018906    66.364529   -39.429433
  -92.612381    64.498064   -44.610468
  -94.208443    64.130043   -44.045852
 -108.708878    65.761988   -31.735346
 -105.920660    53.566786   -41.153894
 -107.652263    54.442112   -39.206308
 -108.342898    30.419559   -43.607764
 -104.032766    51.055604   -43.607764
 -108.585751    27.325393   -43.907249
  -99.389818    17.544946   -52.252176
  -90.050180   -24.192953   -52.885328
  -98.427589    16.825571   -53.078182
  -90.154940   -22.783113   -53.078182
  -79.895249   -34.708592   -57.642391
  -63.095704   -57.031684   -58.587102
  -78.186095   -35.438001   -58.636421
  -63.129377   -56.898863   -58.636421
  -58.844925   -61.080084   -58.587102
  -39.795587   -72.904034   -58.847132
  -58.109563   -61.249639   -58.847132
  -38.792203   -73.121207   -59.144576
  -35.083252   -76.369962   -57.546644
  -29.612937   -76.738833   -58.259557
   -5.484773   -81.309674   -58.259557
    4.127309   -81.994187   -59.145426
    4.793965   -82.562714   -58.603769
   20.569888   -81.439264   -57.149712
   66.099050   -78.908354   -50.640128
   49.980445   -75.867760   -57.149712
   61.818170   -75.069304   -55.607051
   65.272023   -77.424366   -52.392649
   82.750980   -80.318195   -40.173638
   83.353690   -71.527017   -47.502936
   79.823138   -68.164659   -52.392649
   91.487907   -71.021243   -41.044202
   90.042013   -55.532049   -51.266818
   79.793717   -68.073844   -52.470029
   88.972303   -54.991242   -52.470029
   84.364218   -48.861924   -58.459894
   84.920671   -41.379227   -59.483686
   89.357160   -20.137239   -59.483686
   75.822525    -7.574357   -71.481612
   73.549434    -5.552962   -72.855909
   72.879038     3.574604   -71.938237
   66.452276    26.417245   -71.938237
   65.923883    35.503146   -70.597784
   66.798868    36.618944   -69.811913
   66.023031    39.884024   -68.793392
   51.178724    54.021370   -68.793392
   50.364452    57.163494   -67.633548
   50.028744    57.490529   -67.553617
   49.984697    57.492740   -67.559740
   20.787402    64.943635   -67.559740
   16.339518    65.240058   -67.985583
   10.403053    71.294718   -64.141770
  -13.782082    69.683350   -61.826163
  -66.864688    63.179719   -56.938151
  -67.473861    63.613045   -56.529484
  -32.076500    65.014722   -61.826163
  -71.344204    62.778705   -55.379674
  -93.075129    51.414612   -50.806282
  -87.210772    47.667736   -55.379674
 -103.739234    50.990639   -43.835821
  -85.064380    43.446719   -57.583548
  -91.800830    19.503247   -57.583548
  -84.983939    44.827988   -57.379640
  -91.997426    16.825571   -57.852761
  -80.018887     3.950618   -64.750434
  -80.193544     6.328299   -64.989375
  -68.832511   -35.809934   -64.750264
  -61.822256   -42.231764   -66.434419
  -68.537959   -35.975407   -64.870159
  -42.629383   -59.998130   -66.685605
  -61.107812   -42.399788   -66.685605
  -39.303249   -61.462051   -67.146481
  -40.288606   -60.502713   -67.381001
  -32.828188   -61.803712   -68.056160
   -6.052791   -68.636419   -68.056160
    4.127309   -69.314809   -69.030973
    7.693575   -65.677286   -71.340118
   18.294587   -64.971005   -70.325169
   47.868576   -57.424024   -70.325169
   56.135443   -56.987977   -69.163624
   59.618888   -59.465656   -66.826759
   62.333298   -63.318822   -63.671540
   75.957387   -64.420334   -56.773017
   72.055922   -47.620958   -66.826759
   74.605369   -49.249842   -64.838527
   68.878935   -43.569496   -69.680452
   69.263282   -36.959744   -70.655606
   75.218964   -15.791225   -70.655606
   61.233996    -5.552962   -78.811760
   58.979273    -3.706735   -79.651032
   58.319250     4.562853   -78.845093
   49.182500    25.570321   -78.845093
   48.854784    31.209681   -78.012964
   50.440301    34.947713   -76.755503
   50.496933    35.001624   -76.724211
   22.821211    45.843107   -76.755503
   21.860002    47.999363   -76.024903
   16.339518    54.114736   -73.634977
    3.062701    53.153528   -72.402515
  -61.214443    39.483011   -67.597664
  -66.184937    44.216944   -64.845160
  -27.022164    41.285361   -72.402515
  -61.458997    35.276449   -68.218402
  -72.541122     9.795588   -68.218402
  -72.817818     6.328299   -68.556322
  -57.471139    -6.237815   -74.268300
  -41.299134   -41.755751   -74.551969
  -56.592072    -6.593251   -74.551969
  -39.639638   -42.396217   -74.931044
  -28.539655   -41.353377   -77.160088
   -2.581251   -51.593850   -77.160088
  -35.918272   -40.964438   -76.123200
    7.693575   -52.337715   -78.113813
   10.389448   -49.351371   -79.280970
   21.557967   -48.542882   -78.244253
   44.652644   -39.432151   -78.244253
   51.374809   -39.077906   -77.299541
   55.639023   -43.139061   -74.938186
   51.659669   -34.176628   -78.022828
   60.587919   -13.648234   -78.022828
   42.732098    -3.706735   -84.110140
   42.519687    -3.609798   -84.156908
   41.911874     0.755434   -83.802662
   24.483938    17.353453   -83.802662
   24.483938    24.733090   -82.649961
   22.821211    28.039327   -81.886198
   24.178841    16.194459   -83.938204
   -8.354453   -14.789711   -83.938204
  -13.364572   -15.986119   -83.379880
  -28.599688   -15.986119   -81.113422
  -49.191517    -6.593251   -76.583227
    4.149418   -32.666279   -83.379880
   10.389448   -33.454021   -83.862185
   12.780904   -30.962226   -84.308436
   12.908963   -30.475500   -84.365408
   40.648800    -4.056559   -84.365408
   24.178841    -4.056559   -85.833070
   12.908963   -14.789711   -85.833070
     1      2      3
     1      3      4
     5      6      7
     5      7      2
     5      2      1
     7      8      9
     7      9      3
     7      3      2
     4      3      9
     4      9     10
     4     10     11
     4     11     12
    13     14     15
    13     15     16
    13     16     17
    18     19     20
    18     20     21
    18     21     22
    18     22      5
    18      5      1
    18      1      4
    18      4     12
    18     12     23
    18     23     14
    18     14     13
    20     24     25
    20     25     21
    21     25     26
    21     26     27
    21     27     28
    21     28     22
    22     28     29
    22     29     30
    22     30     31
    22     31      6
    22      6      5
    29     32     33
    29     33     34
    29     34     35
    29     35     30
    30     35     36
    30     36     37
    30     37     31
    31     37     38
    31     38     39
    31     39      8
    31      8      7
    31      7      6
     9      8     39
     9     39     40
     9     40     41
     9     41     10
    10     41     42
    10     42     43
    10     43     44
    10     44     11
    12     11     44
    12     44     45
    12     45     23
    23     45     46
    23     46     15
    23     15     14
    47     17     16
    47     16     48
    47     48     49
    47     49     50
    51     52     53
    51     53     18
    51     18     13
    51     13     17
    51     17     47
    53     54     55
    53     55     19
    53     19     18
    55     56     57
    55     57     24
    55     24     20
    55     20     19
    57     58     59
    57     59     26
    57     26     25
    57     25     24
    26     59     60
    26     60     61
    26     61     62
    26     62     27
    27     62     63
    27     63     64
    27     64     32
    27     32     29
    27     29     28
    63     65     66
    63     66     67
    63     67     68
    63     68     69
    63     69     64
    64     69     70
    64     70     33
    64     33     32
    68     71     72
    68     72     73
    68     73     74
    68     74     70
    68     70     69
    33     70     74
    33     74     75
    33     75     76
    33     76     34
    34     76     77
    34     77     36
    34     36     35
    36     77     78
    36     78     79
    36     79     38
    36     38     37
    38     79     80
    38     80     40
    38     40     39
    40     80     81
    40     81     82
    40     82     83
    40     83     42
    40     42     41
    43     42     83
    43     83     84
    43     84     85
    46     45     44
    46     44     43
    46     43     85
    46     85     86
    46     86     87
    88     87     86
    88     86     89
    88     89     90
    88     90     91
    16     15     46
    16     46     87
    16     87     88
    16     88     48
    49     48     88
    49     88     91
    49     91     92
    49     92     93
    94     50     49
    94     49     93
    94     93     95
    94     95     96
    97     98     51
    97     51     47
    97     47     50
    97     50     94
    97     94     99
   100    101     52
   100     52     51
   100     51     98
   102    103     54
   102     54     53
   102     53     52
   102     52    101
   104    105     56
   104     56     55
   104     55     54
   104     54    103
   106    107     58
   106     58     57
   106     57     56
   106     56    105
   108    109     60
   108     60     59
   108     59     58
   108     58    107
    60    109    110
    60    110    111
    60    111    112
    60    112     61
    61    112    113
    61    113     65
    61     65     63
    61     63     62
   113    114    115
   113    115    116
   113    116     66
   113     66     65
    66    116    117
    66    117    118
    66    118     67
   117    119    120
   117    120    121
   117    121    118
    67    118    121
    67    121    122
    67    122     71
    67     71     68
   122    123    124
   122    124     72
   122     72     71
    72    124    125
    72    125    126
    72    126    127
    72    127     73
    74     73    127
    74    127    128
    74    128    129
    74    129     75
   128    130    131
   128    131    132
   128    132    129
    75    129    132
    75    132    133
    75    133    134
    75    134    135
    75    135    136
    75    136     78
    75     78     77
    75     77     76
   135    137    138
   135    138    139
   135    139    136
    78    136    139
    78    139    140
    78    140     81
    78     81     80
    78     80     79
    82     81    140
    82    140    141
    82    141    142
    82    142    143
    84     83     82
    84     82    143
    84    143    144
    84    144    145
    86     85     84
    86     84    145
    86    145    146
    86    146    147
    86    147     89
   148    147    146
   148    146    149
   148    149    150
   148    150    151
    90     89    147
    90    147    148
    90    148    152
   153    152    148
   153    148    151
   153    151    154
   153    154    155
    92     91     90
    92     90    152
    92    152    153
    92    153    156
    95     93     92
    95     92    156
    95    156    157
    95    157    158
   159     96     95
   159     95    158
   159    158    160
   159    160    161
   162     99     94
   162     94     96
   162     96    159
   162    159    163
   164    165     97
   164     97     99
   164     99    162
   166    167    100
   166    100     98
   166     98     97
   166     97    165
   168    169    170
   168    170    102
   168    102    101
   168    101    100
   168    100    167
   170    171    104
   170    104    103
   170    103    102
   172    173    106
   172    106    105
   172    105    104
   172    104    171
   174    175    108
   174    108    107
   174    107    106
   174    106    173
   176    177    110
   176    110    109
   176    109    108
   176    108    175
   178    179    180
   178    180    111
   178    111    110
   178    110    177
   111    180    181
   111    181    114
   111    114    113
   111    113    112
   181    182    183
   181    183    184
   181    184    115
   181    115    114
   115    184    185
   115    185    119
   115    119    117
   115    117    116
   183    186    187
   183    187    188
   183    188    189
   183    189    185
   183    185    184
   185    189    190
   185    190    120
   185    120    119
   190    189    188
   190    188    191
   190    191    192
   190    192    193
   121    120    190
   121    190    193
   121    193    194
   121    194    123
   121    123    122
   194    195    196
   194    196    197
   194    197    125
   194    125    124
   194    124    123
   125    197    198
   125    198    199
   125    199    126
   127    126    199
   127    199    200
   127    200    201
   127    201    130
   127    130    128
   201    202    203
   201    203    131
   201    131    130
   132    131    203
   132    203    204
   132    204    205
   132    205    133
   133    205    206
   133    206    207
   133    207    134
   134    207    208
   134    208    209
   134    209    137
   134    137    135
   138    137    209
   138    209    210
   138    210    211
   138    211    212
   140    139    138
   140    138    212
   140    212    213
   140    213    214
   140    214    141
   142    141    214
   142    214    215
   142    215    216
   142    216    217
   144    143    142
   144    142    217
   144    217    218
   144    218    219
   146    145    144
   146    144    219
   146    219    220
   146    220    221
   146    221    222
   146    222    149
   223    150    149
   223    149    222
   223    222    224
   151    150    223
   151    223    225
   151    225    226
   151    226    154
   227    226    225
   227    225    228
   227    228    229
   227    229    230
   155    154    226
   155    226    227
   155    227    231
   232    231    227
   232    227    230
   232    230    233
   232    233    234
   157    156    153
   157    153    155
   157    155    231
   157    231    232
   157    232    235
   160    158    157
   160    157    235
   160    235    236
   160    236    237
   238    161    160
   238    160    237
   238    237    239
   238    239    240
   238    240    241
   242    163    159
   242    159    161
   242    161    238
   242    238    243
   244    245    164
   244    164    162
   244    162    163
   244    163    242
   246    247    166
   246    166    165
   246    165    164
   246    164    245
   248    249    250
   248    250    247
   248    247    246
   248    246    251
   250    252    168
   250    168    167
   250    167    166
   250    166    247
   253    254    255
   253    255    169
   253    169    168
   253    168    252
   255    256    172
   255    172    171
   255    171    170
   255    170    169
   257    258    174
   257    174    173
   257    173    172
   257    172    256
   259    260    176
   259    176    175
   259    175    174
   259    174    258
   261    262    178
   261    178    177
   261    177    176
   261    176    260
   263    264    179
   263    179    178
   263    178    262
   263    262    265
   266    267    268
   266    268    182
   266    182    181
   266    181    180
   266    180    179
   266    179    264
   269    270    271
   269    271    272
   269    272    273
   269    273    268
   269    268    267
   268    273    274
   268    274    186
   268    186    183
   268    183    182
   272    275    276
   272    276    277
   272    277    274
   272    274    273
   274    277    278
   274    278    187
   274    187    186
   276    279    280
   276    280    278
   276    278    277
   187    278    280
   187    280    281
   187    281    191
   187    191    188
   191    281    282
   191    282    283
   191    283    284
   191    284    192
   193    192    284
   193    284    285
   193    285    195
   193    195    194
   285    286    287
   285    287    288
   285    288    196
   285    196    195
   196    288    289
   196    289    290
   196    290    198
   196    198    197
   199    198    290
   199    290    291
   199    291    292
   199    292    200
   200    292    293
   200    293    294
   200    294    202
   200    202    201
   203    202    294
   203    294    295
   203    295    296
   203    296    204
   204    296    297
   204    297    298
   204    298    206
   204    206    205
   206    298    299
   206    299    300
   206    300    208
   206    208    207
   208    300    301
   208    301    302
   208    302    210
   208    210    209
   210    302    303
   210    303    304
   210    304    305
   210    305    211
   212    211    305
   212    305    306
   212    306    307
   212    307    213
   214    213    307
   214    307    308
   214    308    309
   214    309    215
   215    309    310
   215    310    311
   215    311    216
   217    216    311
   217    311    312
   217    312    313
   217    313    314
   217    314    218
   219    218    314
   219    314    315
   219    315    316
   219    316    317
   219    317    220
   221    220    317
   221    317    318
   221    318    319
   221    319    320
   224    222    221
   224    221    320
   224    320    321
   224    321    322
   322    321    323
   322    323    324
   322    324    325
   228    225    223
   228    223    224
   228    224    322
   228    322    325
   228    325    326
   327    229    228
   327    228    326
   327    326    328
   327    328    329
   233    230    229
   233    229    327
   233    327    330
   331    234    233
   331    233    330
   331    330    332
   331    332    333
   334    236    235
   334    235    232
   334    232    234
   334    234    331
   237    236    334
   237    334    335
   237    335    239
   336    241    240
   336    240    337
   336    337    338
   336    338    339
   340    243    238
   340    238    241
   340    241    336
   341    342    244
   341    244    242
   341    242    243
   341    243    340
   341    340    343
   344    251    246
   344    246    245
   344    245    244
   344    244    342
   345    346    347
   345    347    248
   345    248    251
   345    251    344
   347    348    349
   347    349    249
   347    249    248
   350    351    352
   350    352    349
   350    349    348
   350    348    353
   349    352    253
   349    253    252
   349    252    250
   349    250    249
   354    355    356
   354    356    254
   354    254    253
   354    253    352
   354    352    351
   356    357    257
   356    257    256
   356    256    255
   356    255    254
   358    359    259
   358    259    258
   358    258    257
   358    257    357
   360    361    261
   360    261    260
   360    260    259
   360    259    359
   362    363    265
   362    265    262
   362    262    261
   362    261    361
   364    365    263
   364    263    265
   364    265    363
   364    363    366
   364    366    367
   368    369    266
   368    266    264
   368    264    263
   368    263    365
   370    371    372
   370    372    269
   370    269    267
   370    267    266
   370    266    369
   372    373    374
   372    374    270
   372    270    269
   375    376    377
   375    377    378
   375    378    271
   375    271    270
   375    270    374
   271    378    379
   271    379    275
   271    275    272
   377    380    381
   377    381    382
   377    382    379
   377    379    378
   379    382    383
   379    383    279
   379    279    276
   379    276    275
   381    384    385
   381    385    383
   381    383    382
   280    279    383
   280    383    385
   280    385    386
   280    386    282
   280    282    281
   282    386    387
   282    387    388
   282    388    389
   282    389    283
   284    283    389
   284    389    390
   284    390    286
   284    286    285
   390    391    392
   390    392    393
   390    393    287
   390    287    286
   287    393    394
   287    394    395
   287    395    289
   287    289    288
   290    289    395
   290    395    396
   290    396    291
   291    396    397
   291    397    398
   291    398    399
   291    399    293
   291    293    292
   293    399    400
   293    400    401
   293    401    295
   293    295    294
   295    401    402
   295    402    403
   295    403    297
   295    297    296
   297    403    404
   297    404    405
   297    405    299
   297    299    298
   299    405    406
   299    406    407
   299    407    301
   299    301    300
   303    302    301
   303    301    407
   303    407    408
   303    408    409
   303    409    410
   411    304    303
   411    303    410
   411    410    412
   413    306    305
   413    305    304
   413    304    411
   413    411    414
   307    306    413
   307    413    415
   307    415    416
   307    416    308
   308    416    417
   308    417    418
   308    418    310
   308    310    309
   311    310    418
   311    418    419
   311    419    420
   311    420    312
   312    420    421
   312    421    422
   312    422    423
   312    423    313
   314    313    423
   314    423    424
   314    424    425
   314    425    315
   316    315    425
   316    425    426
   316    426    427
   316    427    428
   318    317    316
   318    316    428
   318    428    429
   318    429    430
   431    319    318
   431    318    430
   431    430    432
   431    432    433
   323    321    320
   323    320    319
   323    319    431
   323    431    434
   435    324    323
   435    323    434
   435    434    436
   435    436    437
   326    325    324
   326    324    435
   326    435    438
   326    438    328
   329    328    438
   329    438    439
   329    439    440
   329    440    441
   332    330    327
   332    327    329
   332    329    441
   332    441    442
   443    333    332
   443    332    442
   443    442    444
   443    444    445
   446    335    334
   446    334    331
   446    331    333
   446    333    443
   240    239    335
   240    335    446
   240    446    447
   240    447    337
   339    338    448
   339    448    449
   339    449    450
   451    343    340
   451    340    336
   451    336    339
   451    339    450
   451    450    452
   453    454    341
   453    341    343
   453    343    451
   455    456    345
   455    345    344
   455    344    342
   455    342    341
   455    341    454
   457    458    346
   457    346    345
   457    345    456
   459    353    348
   459    348    347
   459    347    346
   459    346    458
   460    461    462
   460    462    350
   460    350    353
   460    353    459
   462    463    464
   462    464    354
   462    354    351
   462    351    350
   465    466    464
   465    464    463
   465    463    467
   464    466    468
   464    468    469
   464    469    355
   464    355    354
   470    471    472
   470    472    469
   470    469    468
   469    472    473
   469    473    358
   469    358    357
   469    357    356
   469    356    355
   473    474    475
   473    475    360
   473    360    359
   473    359    358
   476    477    362
   476    362    361
   476    361    360
   476    360    475
   366    363    362
   366    362    477
   366    477    478
   479    480    364
   479    364    367
   479    367    481
   482    483    484
   482    484    368
   482    368    365
   482    365    364
   482    364    480
   484    485    486
   484    486    370
   484    370    369
   484    369    368
   486    487    488
   486    488    371
   486    371    370
   489    373    372
   489    372    371
   489    371    488
   489    488    490
   491    492    375
   491    375    374
   491    374    373
   491    373    489
   493    494    495
   493    495    376
   493    376    375
   493    375    492
   495    496    380
   495    380    377
   495    377    376
   497    498    499
   497    499    496
   497    496    495
   497    495    494
   500    384    381
   500    381    380
   500    380    496
   500    496    499
   501    502    500
   501    500    499
   501    499    498
   501    498    503
   501    503    504
   387    386    385
   387    385    384
   387    384    500
   387    500    502
   505    388    387
   505    387    502
   505    502    501
   505    501    506
   507    391    390
   507    390    389
   507    389    388
   507    388    505
   507    505    508
   509    392    391
   509    391    507
   509    507    510
   511    394    393
   511    393    392
   511    392    509
   511    509    512
   513    397    396
   513    396    395
   513    395    394
   513    394    511
   514    398    397
   514    397    513
   514    513    515
   516    400    399
   516    399    398
   516    398    514
   516    514    517
   518    402    401
   518    401    400
   518    400    516
   518    516    519
   520    404    403
   520    403    402
   520    402    518
   520    518    521
   520    521    522
   406    405    404
   406    404    520
   406    520    523
   406    523    524
   525    408    407
   525    407    406
   525    406    524
   525    524    526
   409    408    525
   409    525    527
   412    410    409
   412    409    527
   412    527    528
   412    528    529
   530    414    411
   530    411    412
   530    412    529
   530    529    531
   532    415    413
   532    413    414
   532    414    530
   532    530    533
   534    417    416
   534    416    415
   534    415    532
   534    532    535
   536    419    418
   536    418    417
   536    417    534
   536    534    537
   538    421    420
   538    420    419
   538    419    536
   538    536    539
   422    421    538
   422    538    540
   422    540    541
   542    424    423
   542    423    422
   542    422    541
   542    541    543
   542    543    544
   425    424    542
   425    542    545
   425    545    546
   425    546    426
   427    426    546
   427    546    547
   427    547    548
   429    428    427
   429    427    548
   429    548    549
   429    549    550
   429    550    551
   432    430    429
   432    429    551
   432    551    552
   553    433    432
   553    432    552
   553    552    554
   553    554    555
   436    434    431
   436    431    433
   436    433    553
   436    553    556
   557    437    436
   557    436    556
   557    556    558
   557    558    559
   439    438    435
   439    435    437
   439    437    557
   439    557    560
   561    440    439
   561    439    560
   561    560    562
   561    562    563
   442    441    440
   442    440    561
   442    561    564
   442    564    444
   445    444    564
   445    564    565
   445    565    566
   567    447    446
   567    446    443
   567    443    445
   567    445    566
   567    566    568
   448    338    337
   448    337    447
   448    447    567
   452    450    449
   452    449    569
   452    569    570
   571    572    453
   571    453    451
   571    451    452
   571    452    570
   572    573    574
   572    574    455
   572    455    454
   572    454    453
   574    575    457
   574    457    456
   574    456    455
   576    577    460
   576    460    459
   576    459    458
   576    458    457
   576    457    575
   578    579    461
   578    461    460
   578    460    577
   580    467    463
   580    463    462
   580    462    461
   580    461    579
   581    582    465
   581    465    467
   581    467    580
   581    580    583
   584    585    470
   584    470    468
   584    468    466
   584    466    465
   584    465    582
   586    587    588
   586    588    585
   586    585    584
   588    589    471
   588    471    470
   588    470    585
   590    591    592
   590    592    589
   590    589    588
   590    588    587
   592    474    473
   592    473    472
   592    472    471
   592    471    589
   593    478    477
   593    477    476
   481    367    366
   481    366    478
   481    478    593
   594    595    482
   594    482    480
   594    480    479
   596    597    483
   596    483    482
   596    482    595
   598    599    485
   598    485    484
   598    484    483
   598    483    597
   600    487    486
   600    486    485
   600    485    599
   600    599    601
   602    490    488
   602    488    487
   602    487    600
   603    604    491
   603    491    489
   603    489    490
   603    490    602
   605    606    493
   605    493    492
   605    492    491
   605    491    604
   607    608    609
   607    609    606
   607    606    605
   607    605    610
   609    611    497
   609    497    494
   609    494    493
   609    493    606
   612    613    614
   612    614    611
   612    611    609
   612    609    608
   503    498    497
   503    497    611
   503    611    614
   615    504    503
   615    503    614
   615    614    613
   615    613    616
   615    616    617
   618    506    501
   618    501    504
   618    504    615
   619    508    505
   619    505    506
   619    506    618
   619    618    620
   621    510    507
   621    507    508
   621    508    619
   621    619    622
   623    512    509
   623    509    510
   623    510    621
   624    515    513
   624    513    511
   624    511    512
   624    512    623
   624    623    625
   626    517    514
   626    514    515
   626    515    624
   626    624    627
   628    519    516
   628    516    517
   628    517    626
   628    626    629
   630    521    518
   630    518    519
   630    519    628
   631    522    521
   631    521    630
   631    630    632
   633    523    520
   633    520    522
   633    522    631
   633    631    634
   526    524    523
   526    523    633
   526    633    635
   526    635    636
   528    527    525
   528    525    526
   528    526    636
   528    636    637
   528    637    638
   531    529    528
   531    528    638
   531    638    639
   531    639    640
   641    533    530
   641    530    531
   641    531    640
   641    640    642
   643    535    532
   643    532    533
   643    533    641
   643    641    644
   645    537    534
   645    534    535
   645    535    643
   645    643    646
   647    539    536
   647    536    537
   647    537    645
   647    645    648
   649    540    538
   649    538    539
   649    539    647
   543    541    540
   543    540    649
   543    649    650
   543    650    651
   652    544    543
   652    543    651
   652    651    653
   654    545    542
   654    542    544
   654    544    652
   654    652    655
   547    546    545
   547    545    654
   547    654    656
   547    656    657
   549    548    547
   549    547    657
   549    657    658
   549    658    659
   660    550    549
   660    549    659
   660    659    661
   552    551    550
   552    550    660
   552    660    662
   552    662    554
   555    554    662
   555    662    663
   555    663    664
   558    556    553
   558    553    555
   558    555    664
   558    664    665
   666    559    558
   666    558    665
   666    665    667
   666    667    668
   562    560    557
   562    557    559
   562    559    666
   562    666    669
   670    563    562
   670    562    669
   670    669    671
   565    564    561
   565    561    563
   565    563    670
   565    670    672
   568    566    565
   568    565    672
   568    672    673
   568    673    674
   569    449    448
   569    448    567
   569    567    568
   569    568    674
   569    674    675
   570    569    675
   570    675    676
   570    676    677
   570    677    571
   571    677    678
   571    678    679
   571    679    573
   571    573    572
   679    680    576
   679    576    575
   679    575    574
   679    574    573
   681    682    578
   681    578    577
   681    577    576
   681    576    680
   683    583    580
   683    580    579
   683    579    578
   683    578    682
   684    685    686
   684    686    581
   684    581    583
   684    583    683
   686    687    688
   686    688    586
   686    586    584
   686    584    582
   686    582    581
   689    690    691
   689    691    688
   689    688    687
   688    691    692
   688    692    590
   688    590    587
   688    587    586
   693    694    692
   693    692    691
   693    691    690
   693    690    695
   692    694    696
   692    696    591
   692    591    590
   697    698    699
   697    699    700
   697    700    701
   702    703    699
   702    699    698
   702    698    704
   705    706    596
   705    596    595
   705    595    594
   707    708    598
   707    598    597
   707    597    596
   707    596    706
   707    706    709
   710    601    599
   710    599    598
   710    598    708
   711    712    603
   711    603    602
   711    602    600
   711    600    601
   711    601    710
   713    610    605
   713    605    604
   713    604    603
   713    603    712
   714    715    607
   714    607    610
   714    610    713
   715    716    612
   715    612    608
   715    608    607
   717    718    719
   717    719    716
   717    716    715
   616    613    612
   616    612    716
   616    716    719
   616    719    720
   720    719    718
   720    718    721
   720    721    722
   723    617    616
   723    616    720
   723    720    722
   723    722    724
   725    620    618
   725    618    615
   725    615    617
   725    617    723
   725    723    726
   727    622    619
   727    619    620
   727    620    725
   727    725    728
   729    625    623
   729    623    621
   729    621    622
   729    622    727
   730    627    624
   730    624    625
   730    625    729
   730    729    731
   732    629    626
   732    626    627
   732    627    730
   732    730    733
   734    632    630
   734    630    628
   734    628    629
   734    629    732
   735    634    631
   735    631    632
   735    632    734
   735    734    736
   737    635    633
   737    633    634
   737    634    735
   737    735    738
   637    636    635
   637    635    737
   637    737    739
   639    638    637
   639    637    739
   639    739    740
   639    740    741
   639    741    742
   642    640    639
   642    639    742
   642    742    743
   744    644    641
   744    641    642
   744    642    743
   744    743    745
   744    745    746
   744    746    747
   748    646    643
   748    643    644
   748    644    744
   748    744    749
   750    648    645
   750    645    646
   750    646    748
   751    650    649
   751    649    647
   751    647    648
   751    648    750
   751    750    752
   653    651    650
   653    650    751
   653    751    753
   754    655    652
   754    652    653
   754    653    753
   754    753    755
   756    656    654
   756    654    655
   756    655    754
   756    754    757
   658    657    656
   658    656    756
   658    756    758
   661    659    658
   661    658    758
   661    758    759
   661    759    760
   661    760    761
   661    761    762
   763    762    761
   763    761    764
   763    764    765
   663    662    660
   663    660    661
   663    661    762
   663    762    763
   663    763    766
   767    766    763
   767    763    765
   767    765    768
   767    768    769
   665    664    663
   665    663    766
   665    766    767
   665    767    667
   668    667    767
   668    767    769
   668    769    770
   668    770    771
   671    669    666
   671    666    668
   671    668    771
   671    771    772
   673    672    670
   673    670    671
   673    671    772
   673    772    773
   673    773    774
   675    674    673
   675    673    774
   675    774    775
   675    775    676
   676    775    776
   676    776    777
   676    777    678
   676    678    677
   678    777    778
   678    778    779
   678    779    780
   678    780    781
   678    781    681
   678    681    680
   678    680    679
   781    782    684
   781    684    683
   781    683    682
   781    682    681
   783    784    785
   783    785    786
   783    786    685
   783    685    684
   783    684    782
   786    787    689
   786    689    687
   786    687    686
   786    686    685
   785    788    789
   785    789    787
   785    787    786
   789    695    690
   789    690    689
   789    689    787
   790    791    693
   790    693    695
   790    695    789
   790    789    788
   790    788    792
   793    701    700
   793    700    696
   793    696    694
   793    694    693
   793    693    791
   794    795    697
   794    697    701
   794    701    793
   794    793    796
   797    704    698
   797    698    697
   797    697    795
   798    709    706
   798    706    705
   798    705    703
   798    703    702
   799    800    801
   799    801    707
   799    707    709
   799    709    798
   801    802    711
   801    711    710
   801    710    708
   801    708    707
   803    804    805
   803    805    806
   803    806    714
   803    714    713
   803    713    712
   803    712    711
   803    711    802
   806    807    717
   806    717    715
   806    715    714
   805    808    809
   805    809    807
   805    807    806
   809    810    721
   809    721    718
   809    718    717
   809    717    807
   811    810    809
   811    809    808
   811    808    812
   724    722    721
   724    721    810
   724    810    811
   724    811    813
   814    726    723
   814    723    724
   814    724    813
   814    813    815
   814    815    816
   817    728    725
   817    725    726
   817    726    814
   818    731    729
   818    729    727
   818    727    728
   818    728    817
   818    817    819
   820    733    730
   820    730    731
   820    731    818
   820    818    821
   822    736    734
   822    734    732
   822    732    733
   822    733    820
   823    738    735
   823    735    736
   823    736    822
   823    822    824
   825    740    739
   825    739    737
   825    737    738
   825    738    823
   741    740    825
   741    825    826
   741    826    827
   741    827    828
   743    742    741
   743    741    828
   743    828    829
   743    829    830
   743    830    745
   745    830    831
   745    831    832
   745    832    746
   747    746    832
   747    832    833
   747    833    834
   835    749    744
   835    744    747
   835    747    834
   835    834    836
   835    836    837
   838    752    750
   838    750    748
   838    748    749
   838    749    835
   755    753    751
   755    751    752
   755    752    838
   755    838    839
   840    757    754
   840    754    755
   840    755    839
   840    839    841
   840    841    842
   759    758    756
   759    756    757
   759    757    840
   759    840    843
   844    760    759
   844    759    843
   844    843    845
   764    761    760
   764    760    844
   764    844    846
   847    846    844
   847    844    845
   847    845    848
   847    848    849
   768    765    764
   768    764    846
   768    846    847
   768    847    850
   851    850    847
   851    847    849
   851    849    852
   851    852    853
   770    769    768
   770    768    850
   770    850    851
   772    771    770
   772    770    851
   772    851    853
   772    853    854
   772    854    855
   772    855    856
   772    856    773
   774    773    856
   774    856    776
   774    776    775
   778    857    858
   778    858    859
   778    859    779
   779    859    860
   779    860    861
   779    861    862
   779    862    780
   780    862    863
   780    863    783
   780    783    782
   780    782    781
   863    864    865
   863    865    866
   863    866    867
   863    867    784
   863    784    783
   867    792    788
   867    788    785
   867    785    784
   866    868    869
   866    869    790
   866    790    792
   866    792    867
   869    796    793
   869    793    791
   869    791    790
   870    871    872
   870    872    794
   870    794    796
   870    796    869
   870    869    868
   872    873    874
   872    874    797
   872    797    795
   872    795    794
   874    875    799
   874    799    798
   874    798    702
   874    702    704
   874    704    797
   876    877    878
   876    878    800
   876    800    799
   876    799    875
   878    879    803
   878    803    802
   878    802    801
   878    801    800
   880    881    804
   880    804    803
   880    803    879
   880    879    882
   880    882    883
   884    812    808
   884    808    805
   884    805    804
   884    804    881
   885    886    884
   885    884    881
   885    881    880
   815    813    811
   815    811    812
   815    812    884
   815    884    886
   887    816    815
   887    815    886
   887    886    885
   887    885    888
   889    819    817
   889    817    814
   889    814    816
   889    816    887
   890    821    818
   890    818    819
   890    819    889
   891    824    822
   891    822    820
   891    820    821
   891    821    890
   891    890    892
   891    892    893
   894    826    825
   894    825    823
   894    823    824
   894    824    891
   895    827    826
   895    826    894
   895    894    896
   895    896    897
   898    829    828
   898    828    827
   898    827    895
   899    831    830
   899    830    829
   899    829    898
   899    898    900
   832    831    899
   832    899    901
   832    901    902
   832    902    833
   834    833    902
   834    902    903
   834    903    904
   834    904    836
   837    836    904
   837    904    905
   837    905    906
   841    839    838
   841    838    835
   841    835    837
   841    837    906
   841    906    907
   908    842    841
   908    841    907
   908    907    909
   908    909    910
   908    910    911
   845    843    840
   845    840    842
   845    842    908
   845    908    912
   845    912    848
   913    912    908
   913    908    911
   913    911    914
   849    848    912
   849    912    913
   849    913    915
   849    915    852
   916    915    913
   916    913    914
   916    914    917
   916    917    918
   853    852    915
   853    915    916
   853    916    854
   855    854    916
   855    916    918
   855    918    919
   855    919    920
   855    920    921
   776    856    855
   776    855    921
   776    921    857
   776    857    778
   776    778    777
   858    922    923
   858    923    924
   858    924    860
   858    860    859
   860    924    925
   860    925    926
   860    926    927
   860    927    861
   861    927    928
   861    928    864
   861    864    863
   861    863    862
   928    929    930
   928    930    865
   928    865    864
   865    930    931
   865    931    870
   865    870    868
   865    868    866
   931    932    933
   931    933    871
   931    871    870
   933    934    935
   933    935    873
   933    873    872
   933    872    871
   935    936    876
   935    876    875
   935    875    874
   935    874    873
   937    938    877
   937    877    876
   937    876    936
   937    936    939
   940    882    879
   940    879    878
   940    878    877
   940    877    938
   941    883    882
   941    882    940
   941    940    942
   943    888    885
   943    885    880
   943    880    883
   943    883    941
   944    945    943
   944    943    941
   944    941    942
   944    942    946
   947    892    890
   947    890    889
   947    889    887
   947    887    888
   947    888    943
   947    943    945
   948    893    892
   948    892    947
   948    947    949
   950    896    894
   950    894    891
   950    891    893
   950    893    948
   951    897    896
   951    896    950
   951    950    952
   953    900    898
   953    898    895
   953    895    897
   953    897    951
   953    951    954
   955    901    899
   955    899    900
   955    900    953
   955    953    956
   903    902    901
   903    901    955
   903    955    957
   903    957    958
   905    904    903
   905    903    958
   905    958    959
   907    906    905
   907    905    959
   907    959    960
   907    960    961
   907    961    909
   910    909    961
   910    961    962
   910    962    963
   910    963    964
   910    964    965
   914    911    910
   914    910    965
   914    965    966
   914    966    917
   966    965    964
   966    964    967
   966    967    968
   918    917    966
   918    966    968
   918    968    919
   919    968    967
   919    967    969
   919    969    970
   919    970    971
   919    971    920
   921    920    971
   921    971    922
   921    922    858
   921    858    857
   923    972    973
   923    973    974
   923    974    925
   923    925    924
   925    974    975
   925    975    976
   925    976    977
   925    977    978
   925    978    926
   926    978    929
   926    929    928
   926    928    927
   977    979    980
   977    980    932
   977    932    931
   977    931    930
   977    930    929
   977    929    978
   980    981    934
   980    934    933
   980    933    932
   982    939    936
   982    936    935
   982    935    934
   982    934    981
   983    984    937
   983    937    939
   983    939    982
   983    982    985
   946    942    940
   946    940    938
   946    938    937
   946    937    984
   986    987    944
   986    944    946
   986    946    984
   986    984    983
   988    949    947
   988    947    945
   988    945    944
   988    944    987
   989    952    950
   989    950    948
   989    948    949
   989    949    988
   990    954    951
   990    951    952
   990    952    989
   990    989    991
   992    956    953
   992    953    954
   992    954    990
   993    994    957
   993    957    955
   993    955    956
   993    956    992
   993    992    995
   959    958    957
   959    957    994
   959    994    996
   959    996    960
   961    960    996
   961    996    997
   961    997    998
   961    998    962
   963    962    998
   963    998    999
   963    999   1000
   963   1000   1001
   967    964    963
   967    963   1001
   967   1001    969
   969   1001   1000
   969   1000   1002
   969   1002   1003
   969   1003    970
   971    970   1003
   971   1003    972
   971    972    923
   971    923    922
   973   1004   1005
   973   1005   1006
   973   1006    975
   973    975    974
   975   1006   1007
   975   1007   1008
   975   1008    976
   976   1008   1009
   976   1009    979
   976    979    977
  1009    985    982
  1009    982    981
  1009    981    980
  1009    980    979
  1007   1010   1011
  1007   1011   1012
  1007   1012   1013
  1007   1013   1014
  1007   1014    986
  1007    986    983
  1007    983    985
  1007    985   1009
  1007   1009   1008
  1014    991    989
  1014    989    988
  1014    988    987
  1014    987    986
  1013    995    992
  1013    992    990
  1013    990    991
  1013    991   1014
  1012   1015    993
  1012    993    995
  1012    995   1013
   996    994    993
   996    993   1015
   996   1015   1016
   996   1016    997
   998    997   1016
   998   1016   1017
   998   1017    999
  1000    999   1017
  1000   1017   1018
  1000   1018   1019
  1000   1019   1005
  1000   1005   1004
  1000   1004   1002
  1003   1002   1004
  1003   1004    973
  1003    973    972
  1005   1019   1020
  1005   1020   1010
  1005   1010   1007
  1005   1007   1006
  1020   1021   1011
  1020   1011   1010
  1017   1016   1015
  1017   1015   1012
  1017   1012   1011
  1017   1011   1021
  1017   1021   1018
  1018   1021   1020
  1018   1020   1019
   700    699    703
   700    703    705
   700    705    594
   700    594    479
   700    479    481
   700    481    593
   700    593    476
   700    476    475
   700    475    474
   700    474    592
   700    592    591
   700    591    696
