1022 2040
   16.549248     1.300069    33.950293
   15.040963     2.736487    33.950293
   14.902752     2.592442    33.976111
   13.634955    -2.222738    34.539631
   13.634955    -3.445664    34.654073
   14.193945    -2.959100    34.558684
   16.573142     1.128345    33.964257
    4.228451   -11.181281    34.539631
    6.040901   -11.181281    34.701115
    7.194938   -10.568174    34.746607
   12.324771    -5.682616    34.746607
   -1.684228   -12.660522    33.874330
    0.146902   -14.404455    33.874330
    2.372807   -13.636132    34.144546
    5.032709   -12.231800    34.513006
   -1.577792   -12.567864    33.892452
    8.972633   -10.343697    34.609202
   12.089123    -7.375659    34.609202
   18.793523     4.565755    32.944521
   18.721221     5.471360    32.856270
   18.153729     6.776207    32.856270
   16.967172     1.451003    33.817605
   18.150688     6.829021    32.848450
   16.936948     6.506487    33.079443
   16.936948    13.219575    31.144856
   20.023772    11.245145    31.362941
   19.636817    12.154535    31.144856
   15.248559    16.320426    30.059273
   -5.682987     8.063180    30.059273
   15.853288    15.650594    30.321112
   -7.593060     7.962516    29.790857
  -17.985290    11.960592    26.461433
  -28.710853     7.820953    24.011858
  -34.364983    -5.179295    24.011858
  -34.644013    -8.675168    24.352577
  -31.901755   -13.351951    25.663444
  -31.075652   -14.397815    26.015023
  -27.527150   -17.303419    27.335758
  -25.186308   -18.249860    28.091235
  -13.937564   -18.249860    31.178494
  -23.990751   -20.998634    28.091235
  -22.466392   -21.586979    28.439339
  -21.224786   -21.376714    28.805255
  -14.044310   -18.614224    31.105696
  -13.874882   -18.623161    31.129527
   -2.200581   -15.520697    33.350777
   -3.565194   -16.246446    32.986475
  -12.606962   -19.123378    31.129527
  -11.791409   -19.182399    31.205242
   -6.393097   -17.392291    32.334765
    6.840317   -12.100974    34.345192
   10.360084   -10.712405    34.345192
   10.726807   -10.693104    34.293680
   12.347051    -9.150002    34.293680
   12.390432    -8.404021    34.403716
   14.067029    -4.549059    34.403716
   20.255696     9.594614    31.553222
   21.094771     6.612240    31.553222
   20.159439    11.249551    31.309010
   19.759824    15.587105    29.713528
   21.463541    12.912556    30.137719
   21.140386    14.272328    29.713528
   19.430524    16.858066    29.244403
   18.869424    19.223982    28.115687
   15.086020    20.189476    28.115687
   15.086020    16.811210    29.831135
   19.501275    18.204991    28.551298
    9.619626    26.427172    24.239935
    5.384474    26.144977    23.834424
   -4.837645    23.536401    23.834424
   14.028675    21.930182    27.094773
   -7.584061    23.391549    23.448524
  -14.022092    19.920004    23.831631
  -18.127287    15.923045    24.809227
  -23.603734    14.742569    23.182155
  -30.800098     7.888849    23.182155
  -33.658225     7.217155    22.177439
  -36.318809     4.738535    21.557691
  -36.553589     0.701733    22.153235
  -37.253210    -1.785079    22.153235
  -37.504932    -5.211567    22.497739
  -37.311672    -5.586048    22.642157
  -36.195058    -7.295785    23.414763
  -29.563457   -19.772605    26.015023
  -28.639420   -20.292310    26.391179
  -28.054985   -20.836777    26.527343
  -26.956059   -21.095078    26.913677
  -25.270277   -22.700552    26.913677
  -24.470550   -22.872959    27.151249
  -24.151987   -22.785887    27.308699
  -19.545148   -21.465338    29.041213
  -18.777383   -21.661267    29.041213
  -17.297212   -21.759883    29.182962
    5.061691   -13.456959    33.887114
    8.362318   -12.614720    33.887114
   10.791103   -12.486563    33.545837
   14.708126    -9.226773    33.356052
   11.131883   -12.728976    33.317264
   11.413395   -12.668279    33.233605
   14.844476    -9.400607    33.233605
   14.856764    -6.671134    33.733077
   16.905420     0.610502    33.733077
   27.097998     9.348229    26.787878
   24.350092    11.427234    28.505869
   22.666917     6.987899    30.444056
   28.287845     6.987899    26.270407
   28.000127     8.365544    26.270407
   22.973750    12.852481    29.150566
   21.338673    16.497115    28.530694
   22.498544    14.843916    28.530694
   20.876251    18.316144    27.855090
   20.203192    20.866445    26.356859
   18.757093    21.786695    26.356859
   21.086640    18.965061    27.302369
   18.040466    23.309875    25.426616
   17.087882    25.259109    24.047606
    9.619626    26.673929    24.047606
   17.789861    24.417552    24.600017
    6.357415    30.493020    20.588225
   -1.273318    29.047479    20.588225
   -1.670575    28.571217    20.900830
    6.743067    30.164155    20.901574
  -19.141127    18.812016    22.314099
  -25.318127    14.881215    22.314099
  -30.706074    13.638802    20.408184
  -33.954818    10.544779    20.408184
  -35.204678    10.018061    19.816302
  -38.963010     4.661144    19.816302
  -38.942778     4.634209    19.842616
  -39.064791     2.992926    20.067155
  -40.183391    -2.362874    20.067155
  -34.310679   -16.318376    23.414763
  -33.312727   -17.073356    24.038669
  -30.775708   -19.700552    25.227150
  -30.713956   -19.726866    25.263022
  -28.438588   -22.970086    25.263022
  -28.239929   -22.911686    25.424134
  -28.146960   -22.933097    25.457027
  -26.290944   -24.114193    25.457027
  -22.392663   -22.904548    27.537955
  -19.718176   -23.411220    27.537955
  -19.270898   -23.443058    27.579164
    7.227644   -14.201824    32.986475
   11.078696   -13.942158    32.484644
   15.423263   -12.992428    31.203194
   13.240988   -15.416557    30.472232
   16.074973   -13.613107    30.472232
   15.118788    -9.575932    33.019678
   20.683674    -9.354620    29.382242
   23.856702   -15.901818    24.160186
   27.405700   -10.843293    24.160186
   38.122761    -8.643889    16.543603
   39.439523    -2.339476    16.543603
   36.303608     0.995781    19.389317
   36.773229     2.369392    18.619752
   42.127664    -2.917953    13.686096
   41.648175    -0.034629    13.686096
   22.744991    17.484579    26.787878
   22.351085    18.886428    26.298397
   22.879479    20.660338    24.267304
   20.031406    23.372806    24.267304
   19.442937    24.557502    23.560980
   19.213060    28.922610    18.869985
   16.572025    30.204184    18.869985
   14.734626    32.642588    16.637192
   12.658415    36.461306    12.579226
   12.464286    36.631417    12.416190
    8.493455    37.230437    12.416190
    6.215977    35.311179    15.035504
    6.215977    31.089060    19.922924
    1.362815    34.579099    15.035504
    0.439337    32.880595    16.840444
   -1.084402    30.858501    18.692054
  -24.903617    19.299883    18.692054
  -30.414260    17.895365    16.859435
  -42.081486    21.047541     4.136788
  -47.825481    15.577113     4.136788
  -48.406751    14.334390     4.751447
  -47.672809    11.870416     7.572647
  -43.755786     9.486317    13.026567
  -43.520448     6.964936    14.690627
  -48.422204    10.469684     7.572647
  -46.469433     6.985541    11.581584
  -45.179295     6.807982    13.036434
  -42.377954    -1.385154    17.626951
  -41.859181    -2.002233    18.285798
  -46.888598     4.465091    11.581584
  -43.943709     0.300131    15.591762
  -40.436168   -10.558989    18.285798
  -39.384222   -11.647613    19.245955
  -36.544466   -15.229317    21.373740
  -35.053930   -16.247998    22.673622
  -31.388691   -23.098926    22.673622
  -31.075093   -22.908086    23.110226
  -28.539066   -23.065785    25.123880
  -28.440388   -24.504437    23.924475
  -31.508035   -23.499596    22.214862
  -29.595791   -25.320734    22.214862
  -28.853595   -25.120213    23.024208
  -26.412709   -24.332774    25.198912
  -26.296033   -25.451188    24.027932
  -26.496120   -26.264258    23.024208
  -26.413019   -26.221994    23.115253
  -19.270898   -23.740147    27.235218
  -23.028298   -26.732576    23.115253
  -22.164400   -26.178489    23.907470
    3.163597   -20.356109    27.235218
   15.436730   -19.356358    25.819653
   28.325454   -21.499534    16.801407
   18.944954   -20.705330    22.697516
   27.711974   -25.162291    13.090180
   30.028861   -24.037981    13.090180
   28.411782   -20.239992    17.851491
   44.064423   -19.266616     5.423079
   36.917398   -25.899087     5.578543
   39.207723   -26.335133     3.243969
   39.734254   -26.280642     2.845346
   41.943713   -25.343263     1.804572
   45.469810   -21.985042     1.804572
   44.791972   -19.709489     4.410046
   43.318007   -11.270030    10.700681
   44.978591   -11.112951     9.044813
   47.123692   -15.351144     4.410046
   47.504502   -13.900204     4.825425
   46.022841   -11.256686     7.867192
   42.210081    -3.016011    13.581398
   45.646375    -6.714577     9.115004
   46.562654    -8.010550     7.867192
   47.635949    -0.340283     4.255760
   47.346555    -0.359833     4.750144
   46.647741    -8.029292     7.727615
   48.590334    -8.029292     4.439339
   48.600201    -8.007633     4.417679
   48.408927    -5.932290     4.255760
   42.677902     0.419848    11.936205
   43.698569    10.205115     3.178493
   43.170921    10.739156     3.668657
   47.717374    -0.069880     3.925344
   46.869921     2.913301     3.178493
   40.513253    14.144791     4.817419
   34.128160    18.942098    10.066969
   23.440702    21.081612    23.185879
   24.671758    30.679080    10.066969
   23.872093    31.231926    10.585432
   22.362691    29.794391    14.489733
   20.140882    30.043755    16.601692
   22.411658    33.148019     9.281019
   18.887236    35.723579     9.281019
   18.081489    36.696334     8.441263
   18.046052    36.769008     8.338985
   17.231306    37.499164     7.626703
   12.825919    39.237015     7.626703
   12.110038    39.421463     7.797435
   12.071063    39.410788     7.842802
   12.036929    38.952462     8.665057
    8.630114    38.125676    10.893692
    8.493455    37.562715    11.863779
    8.630114    39.842241     7.842802
    8.183146    40.072738     7.333462
    6.875258    40.612488     6.082794
    5.225534    40.474587     5.960223
    1.355057    39.989265     5.960223
    1.407623    39.282258     7.228515
    0.767084    35.803266    12.851180
   -1.289640    40.711911     2.882583
   -4.050082    40.622294     1.141070
  -13.786382    38.113574    -1.180533
  -17.622539    36.600200    -1.180533
  -26.632593    34.064546    -3.831561
  -33.477005    30.554957    -3.559792
  -35.942716    28.996154    -3.036861
  -40.807173    25.553033    -1.474147
  -41.877179    24.261281    -0.359023
  -42.480170    21.529201     3.162233
  -43.932413    22.759264    -0.359023
  -45.093526    21.235960     0.678028
  -46.049524    20.325453     0.678028
  -47.587909    17.497177     2.220385
  -47.893749    17.117546     2.220385
  -48.814372    15.274686     3.046116
  -48.714453    14.272824     4.373740
  -48.851175    13.832062     4.509903
  -48.696331    10.590642     7.106812
  -49.442250    12.473035     4.509903
  -49.686401    11.613543     4.725133
  -49.346613    10.485696     6.103275
  -49.331222    10.484641     6.129589
  -47.772791     4.659779    10.130458
  -49.784334     7.319371     6.103275
  -49.903058     6.030784     6.203815
  -49.279338     4.659779     7.580405
  -49.145968     3.212624     7.467515
  -47.992551    -5.131073     7.467515
  -46.143051    -7.920064     9.945576
  -45.320113    -9.311487    10.882087
  -44.856760    -9.820703    11.481541
  -39.639544   -21.816421    11.481541
  -37.767329   -23.711475    13.221068
  -36.966671   -24.065909    14.294115
  -36.763606   -24.218457    14.460998
  -33.370569   -24.897660    18.626021
  -35.174516   -26.190839    14.460998
  -34.239867   -26.836963    15.067031
  -33.807545   -26.894805    15.631544
  -33.195617   -26.311983    17.214427
  -30.652329   -26.597405    19.631978
  -31.438588   -28.626016    15.631544
  -31.099173   -28.595295    16.059894
  -30.493823   -27.315583    18.706328
  -26.932661   -27.161236    21.423637
  -27.688200   -29.940917    16.059894
  -26.768012   -29.689443    17.130706
  -26.681436   -28.525662    19.218461
  -23.262209   -27.695897    21.455165
  -23.262209   -30.129026    17.130706
  -22.536087   -30.503444    16.303424
  -18.885432   -30.198349    16.032214
  -10.125673   -29.099981    16.032214
   27.859929   -25.616272    12.298459
   27.879975   -25.507416    12.474280
   35.535036   -27.713461     3.366851
   36.050272   -27.580711     3.243969
   41.846772   -26.471730     0.179300
   42.737978   -26.067895    -0.201014
   44.053624   -25.106435    -0.201014
   45.122574   -24.579035    -0.756218
   45.296595   -24.413330    -0.756218
   45.586237   -22.072425     1.580219
   45.372869   -24.360578    -0.805681
   47.096881   -22.220815    -0.805681
   47.153481   -22.107552    -0.754914
   47.119409   -21.765530    -0.301678
   47.388695   -20.897473    -0.033509
   48.381061   -18.615899    -0.033509
   48.829830   -17.036057     0.362010
   47.866880   -13.839694     4.267614
   47.958918   -12.929869     4.361513
   48.498420    -9.026810     4.361513
   48.900952    -2.767640     1.671636
   49.478064    -8.007633     1.799234
   49.291382    -6.067708     1.671636
   48.509405    -0.316700     1.818287
   48.685909    -0.772357     1.502518
   46.776022     4.820829     1.354935
   47.851303     1.894248     1.354935
   45.895305     7.486503     0.664250
   44.445792     9.895117     1.660527
   43.822258    11.085150     1.208655
   39.805377    17.173526     1.208655
   39.298892    18.044127     0.802524
   31.762741    26.631045     2.089435
   28.385530    29.377709     4.514744
   23.679640    33.859494     4.514744
   21.537332    35.411098     5.728422
   20.575252    36.176939     5.591142
   20.398252    36.270342     5.669774
   16.811645    38.416622     5.669774
   15.426614    39.120836     5.259050
   16.769878    38.447653     5.631916
   15.670517    39.047789     5.198850
   12.200710    40.195868     5.259050
   11.807487    40.302056     5.337496
   11.235278    40.503198     4.959850
   10.908523    40.622604     4.695654
    7.163535    41.024454     4.695654
    6.875258    41.049651     4.713713
    5.366290    41.337121     3.306341
    2.278349    41.067463     3.112956
    1.564329    40.990879     3.112956
  -13.099793    38.565011    -1.883010
  -14.557933    38.079068    -1.883010
   -4.539128    40.635886     0.584067
   -6.915905    40.234595    -0.648727
  -26.541549    34.114257    -3.867432
  -20.798236    36.209087    -3.422884
  -24.575558    34.889780    -3.867432
  -38.371810    27.542545    -3.036861
  -39.851299    26.448211    -2.423257
  -40.921677    25.528705    -1.604105
  -42.774529    24.053809    -1.339660
  -43.930303    22.764788    -0.367649
  -44.904113    21.837338    -0.367649
  -46.135417    20.295353     0.549622
  -46.519703    19.857446     0.484023
  -47.746042    17.749582     1.467329
  -48.084278    17.236891     1.467329
  -48.917395    15.646932     2.071003
  -48.994661    15.199902     2.679828
  -49.362873    14.085398     2.968601
  -49.716935    13.121766     2.968601
  -50.066715    11.946504     3.214924
  -50.053061    11.499350     3.749647
  -50.209085    10.051388     3.872405
  -50.417364     8.290822     3.872405
  -50.588592     6.512072     3.989329
  -50.487493     6.030784     4.460688
  -50.247315     3.535780     4.296597
  -49.749704    -0.670576     4.296597
  -49.456959    -3.387202     4.066348
  -48.889591    -4.851548     5.081057
  -48.440202    -6.361198     4.764728
  -46.032767   -12.913671     4.764728
  -45.550796   -13.845714     5.183955
  -45.059143   -14.611183     5.815929
  -42.563022   -18.758952     7.531500
  -40.275366   -21.552659    10.189975
  -39.486314   -22.748649    10.189975
  -37.553030   -24.789983    11.830328
  -37.508594   -24.818345    11.902195
  -36.310555   -25.792713    12.762556
  -34.183949   -27.818097    12.762556
  -33.735243   -28.143052    13.016699
  -33.460744   -28.361571    12.977538
  -31.541859   -28.768385    15.155034
  -32.420901   -29.254825    12.181721
  -30.904361   -30.162353    12.181721
  -30.536025   -30.435921    11.847953
  -27.980325   -30.550052    14.174646
  -29.792650   -31.079749    10.598465
  -29.066715   -31.502637    10.027622
  -27.575496   -31.999565    10.027622
  -27.585054   -31.700552    10.960719
  -22.689504   -31.010240    14.767956
  -26.639979   -32.468317     8.873895
  -26.053620   -32.682678     8.399681
  -22.689504   -33.043691     8.399681
  -20.230557   -33.619375     5.770376
  -16.528454   -34.324582     2.317698
   -0.525102   -32.927387     1.315339
    0.038418   -32.866939     1.315339
   33.616709   -29.585179    -1.394832
   35.067215   -29.075342    -0.437593
   36.847579   -28.594675    -0.792958
   40.484456   -27.382734    -0.792958
   41.580341   -27.054303    -1.063361
   41.944892   -26.997207    -1.536209
   42.731276   -26.623409    -1.820576
   44.165211   -25.765344    -1.820576
   44.792096   -25.434555    -2.099109
   44.993300   -25.360702    -2.391729
   45.204186   -25.207968    -2.511198
   46.513687   -23.960838    -2.511198
   46.731648   -23.783590    -2.667718
   48.000127   -21.756345    -2.474706
   46.759017   -23.766089    -2.712030
   47.931114   -21.989511    -2.712030
   47.973937   -21.907838    -2.680999
   48.266061   -20.951405    -2.266117
   48.859247   -19.336808    -2.266117
   49.182030   -18.252528    -2.038909
   49.141814   -16.938868    -0.467941
   49.381992   -14.709799    -0.279025
   49.570474   -13.116675    -0.279025
   49.878672    -9.914913    -0.068450
   49.893257    -9.914913    -0.202752
   49.468693    -5.809656    -0.202752
   49.291382    -4.202568    -0.100226
   48.867935    -0.935579     0.196119
   48.944085    -1.267237    -0.100226
   47.639114     2.922424     0.196119
   47.521259     3.270590     0.125927
   46.018001     7.362007     0.125927
   45.658415     8.107492    -0.473713
   43.324834    12.265439    -0.473713
   42.731586    13.258054    -0.842359
   40.203130    17.090425    -0.842359
   39.742260    17.678832    -0.407803
   33.825113    24.545524    -0.407803
   33.232424    25.204495    -0.173272
   31.403528    27.178863     1.027435
   27.279528    31.106437     1.027435
   24.786262    33.201268     2.471549
   21.406010    35.843296     2.471549
   19.918267    36.900206     3.517971
   18.278659    37.870913     3.583694
   18.464348    37.770249     3.517971
   15.278287    39.398314     3.583694
   15.270095    39.401913     3.577364
   13.767333    39.902689     3.577364
   13.044376    40.124684     3.438532
   10.743625    40.789426     3.438532
    9.285610    41.024454     2.775651
    9.964751    40.951593     2.775651
    8.022096    41.150936     2.698881
    5.366290    41.400051     2.698881
   -0.369079    41.067463     0.717685
    3.176505    41.400051     0.717685
   -2.567490    40.847454     0.584067
  -11.345682    39.123877    -2.432194
  -13.611430    38.469250    -2.432194
   -7.387884    40.136289    -1.050452
  -10.787437    39.274625    -2.321538
  -18.768694    36.885436    -3.422884
  -27.390242    33.701174    -4.070995
  -32.399241    31.151308    -4.070995
  -33.552968    30.525912    -3.662877
  -36.434803    28.801342    -3.662877
  -37.941785    27.848012    -3.339287
  -41.091788    25.478683    -2.423257
  -42.819461    24.027060    -1.422636
  -43.549245    23.332031    -1.422636
  -44.832184    21.947063    -0.580335
  -45.720038    20.916715    -0.580335
  -46.604169    19.787874     0.253464
  -47.076148    19.072551     0.253464
  -47.871531    17.741701     0.747723
  -48.516476    16.592566     0.747723
  -49.025506    15.537207     1.596603
  -49.283993    14.833676     1.596603
  -49.487990    14.231243     1.718058
  -50.199961    11.827035     2.258863
  -50.061005    12.432199     1.718058
  -50.383043    10.279527     2.258863
  -50.417364     9.968412     2.278723
  -50.774777     6.512072     2.278723
  -50.247315     1.086081     1.969408
  -50.774777     6.143053     1.928075
  -50.318748     1.733508     1.928075
  -49.884750    -1.978588     1.969408
  -49.588406    -3.269347     3.122762
  -48.689070    -6.092843     3.122762
  -48.193631    -7.556134     3.417927
  -46.840438   -11.239247     3.417927
  -44.465523   -15.779370     5.183955
  -42.272015   -19.449574     6.547078
  -42.202071   -19.555576     6.547078
  -40.091912   -22.249736     8.536900
  -38.319492   -24.306522     8.536900
  -36.780797   -25.967665     9.547140
  -35.925400   -26.782287     9.547140
  -35.722893   -26.952460     9.429843
  -31.548810   -30.214919     9.429843
  -30.959100   -30.633835     9.015023
  -30.139079   -31.158567     7.866509
  -28.541859   -31.971637     7.866509
  -27.979642   -32.217588     7.435801
  -26.464778   -32.823248     5.663630
  -25.694717   -33.045677     5.663630
  -22.939861   -33.619375     3.319125
  -20.965864   -34.005709     1.378580
  -20.508221   -34.075653     1.118045
  -18.615402   -34.265127     1.003045
  -16.528454   -34.460932     1.003045
  -12.933096   -34.460932    -2.249918
    3.415443   -32.927387    -2.249918
    6.987900   -32.569788    -2.466948
   33.476078   -29.727424    -2.466948
   34.116058   -29.594116    -3.011602
   38.914544   -28.207844    -3.011602
   39.719856   -27.960528    -3.166321
   41.549000   -27.350958    -3.166321
   42.218708   -27.057965    -3.679323
   44.100481   -26.100043    -3.679323
   44.536402   -25.863712    -3.833485
   44.787814   -25.702848    -4.185623
   45.001430   -25.551045    -4.335874
   46.192394   -24.620182    -4.335874
   46.233355   -24.585800    -4.359581
   46.766589   -23.772667    -2.783090
   47.399370   -23.251287    -4.510578
   46.408369   -24.419102    -4.655057
   47.353506   -23.322286    -4.655057
   47.402845   -23.252404    -4.552221
   48.320489   -21.556072    -4.201883
   48.149633   -21.921802    -4.552221
   48.262151   -21.688512    -4.364546
   48.527403   -20.944951    -4.078628
   49.309753   -18.138024    -2.955870
   49.021290   -19.394525    -4.078628
   49.344259   -17.846024    -2.955870
   49.570474   -15.796747    -2.825106
   49.802274   -13.554893    -2.825106
   49.893257   -11.701110    -1.899642
   49.468693    -7.290510    -1.609566
   49.350651    -6.292310    -1.609566
   48.794703    -1.133308    -1.172341
   48.481850    -0.325761    -1.731952
   47.769568     2.067152    -1.230493
   46.061692     6.715510    -1.230493
   45.573266     8.193944    -0.847386
   43.402100    11.801714    -2.339598
   43.112148    12.355056    -2.129519
   40.914668    15.685783    -2.129519
   40.000251    17.257619    -1.396260
   37.840752    19.718179    -1.765030
   34.373490    23.858811    -0.816355
   28.330977    29.872465    -0.173272
   27.800040    30.427979     0.084098
   27.091419    31.218334     0.680076
   22.736923    34.684666     1.301624
   21.469313    35.773600     2.271772
   17.564329    38.114319     2.296224
   17.679454    38.041521     2.271772
   16.996527    38.405451     2.318753
   15.425435    39.263019     2.937570
   13.117051    39.954821     2.367968
   12.047045    40.311365     2.367968
   10.070008    40.845158     1.973380
    6.372248    41.055174     0.398750
    5.479863    41.150936     0.398750
    8.864025    40.811644     0.599892
    3.176505    41.352078     0.254519
   -0.548685    40.847454    -1.242471
    1.437971    41.020854    -1.366905
   -5.008997    40.368772    -1.242471
  -18.059453    37.018186    -4.184133
  -17.896293    37.062249    -4.216715
  -23.291937    35.274438    -4.184133
  -31.051448    31.775152    -4.738096
  -32.218828    31.220320    -4.315952
  -28.863214    32.897165    -4.651209
  -34.964934    29.576927    -4.315952
  -39.611306    26.550861    -3.263138
  -41.090919    25.479180    -2.424932
  -38.740146    27.212501    -3.453233
  -43.624712    23.216907    -1.645810
  -42.539873    24.099238    -2.424932
  -44.725314    21.962826    -1.457887
  -45.702165    20.931423    -0.629053
  -47.270339    18.611743    -0.403459
  -47.076210    18.848819    -0.629053
  -48.436851    16.673371     0.398254
  -49.516786    13.705705     0.325269
  -48.529943    16.391486     0.325269
  -49.870972    12.602620     0.354252
  -49.759323    12.890897     0.154476
  -50.035870    11.072303     0.224543
  -50.383043     8.138150     0.224543
  -50.623284     6.143053     0.536403
  -50.534226     6.567059     0.121210
  -50.318748     2.979397     0.744496
  -49.816358    -1.563147     1.025449
  -49.830570    -2.027182     1.580343
  -50.173585     1.752065     0.744496
  -48.844348    -5.340345     2.274689
  -46.829019   -11.250853     3.367720
  -48.222738    -7.032333     2.274689
  -44.833115   -14.907217     3.940735
  -46.210574   -12.278470     2.942659
  -41.610934   -20.042636     4.933474
  -42.848940   -17.914602     3.940735
  -39.651522   -22.275243     4.598837
  -39.033574   -22.777818     4.155096
  -32.866069   -28.651585     4.155096
  -31.775459   -29.441506     3.537210
  -31.440264   -29.708372     3.585060
  -30.134486   -31.145844     7.705397
  -30.536522   -30.185254     3.183583
  -26.937875   -32.338732     3.183583
  -26.955935   -32.360888     3.390372
  -26.466392   -32.798361     5.406260
  -26.259851   -32.444982     2.304044
  -24.246383   -33.048346     1.807178
  -23.113509   -33.425929     1.807178
  -17.881336   -34.002730    -1.873700
  -16.088933   -34.060944    -3.004527
  -15.819088   -34.087320    -3.026310
  -14.161917   -34.265127    -3.026310
  -12.933096   -34.372432    -3.103267
   -4.624463   -32.789734   -10.852103
   -3.089863   -32.569788   -11.584928
   34.581148   -29.123750    -6.557062
   -2.172219   -32.414261   -12.065844
   16.495255   -30.411096   -12.065844
   30.754797   -29.017439   -10.914910
   37.013222   -28.467076    -6.071615
   42.762679   -26.571774    -5.919440
   42.145786   -26.756656    -6.071615
   43.342459   -26.255321    -6.147765
   45.668159   -24.817104    -6.439641
   43.801095   -25.914665    -6.563454
   45.656119   -24.804629    -6.563454
   46.381061   -24.393098    -5.123313
   46.816176   -23.729472    -6.409789
   45.779311   -24.629739    -6.860419
   46.708499   -23.744802    -6.860419
   46.780801   -23.698566    -6.743433
   47.322723   -23.312170    -5.027179
   47.705768   -22.403214    -6.322903
   47.478250   -22.641469    -6.743433
   47.762803   -22.314342    -6.249546
   48.496124   -20.554769    -5.642397
   48.198352   -21.129026    -6.249546
   48.558248   -20.394339    -5.531244
   48.927204   -19.478867    -4.753859
   49.344259   -16.263079    -4.459625
   49.244402   -16.797802    -4.753859
   49.680757   -14.133618    -3.391854
   49.104204    -7.877303    -2.903862
   48.041336    -0.188480    -2.903862
   47.705086     0.318564    -3.354368
   46.368711     2.578168    -4.875190
   46.243781     3.017999    -4.765031
   42.487932    11.653511    -4.765031
   42.445978    11.788805    -4.723263
   42.485201    12.182028    -4.202131
   41.072739    15.009497    -2.935266
   39.007946    17.572210    -2.935266
   29.050955    28.927948    -0.816355
   22.287348    34.779993     0.791477
   22.966117    33.960592     0.084098
   13.432572    39.408492     1.270096
   11.911192    40.008628     1.270096
    8.870728    40.792033     0.545154
    7.378640    40.384350    -1.191208
    5.594491    40.547944    -1.366594
    4.102280    40.735060    -1.366594
    1.437971    40.957800    -1.564509
   -3.351640    40.135110    -2.531368
    0.154536    40.428165    -2.791841
   -8.652577    39.470429    -2.531368
  -19.976787    35.965309    -5.489849
  -22.525226    35.308696    -4.882203
  -19.780052    36.051699    -5.424250
  -28.078196    33.118105    -4.882203
  -32.814620    30.527153    -5.304471
  -34.864704    29.598214    -4.429711
  -36.864642    28.137778    -4.427291
  -36.857505    28.141874    -4.429711
  -42.436106    24.135544    -2.580025
  -41.382485    24.863962    -3.263138
  -43.809283    22.431206    -2.580025
  -44.787686    21.696147    -1.775643
  -46.977781    18.889656    -0.828954
  -48.611182    14.741700    -1.251842
  -47.402469    17.520823    -1.251842
  -49.076521    13.103582    -1.662008
  -49.037112    12.972756    -1.821879
  -49.646247     8.566252    -1.821879
  -50.205857     6.567059    -0.858309
  -49.735119     7.601627    -1.897098
  -49.915222     3.413642    -0.612359
  -49.327312    -0.843541    -0.610683
  -49.567491    -1.640724     0.363375
  -49.328988    -0.827405    -0.612359
  -48.261899    -6.236640     1.514061
  -45.693724   -12.492893     1.892823
  -46.074162   -11.266740     1.514061
  -43.441630   -15.378824     0.919386
  -42.064170   -16.413765    -0.213116
  -36.111710   -23.801712    -0.213116
  -35.091105   -24.507292    -0.874880
  -33.178612   -26.328740    -0.874880
  -32.771984   -26.862222    -0.511695
  -27.525599   -30.823558    -0.233162
  -27.792836   -30.500899    -0.511695
  -26.750448   -31.372183     0.015892
  -22.877799   -32.462111    -1.123561
  -21.027181   -33.192142    -1.123561
   -5.875689   -32.685098   -10.759135
   -9.820950   -32.348228   -10.298637
   -9.350647   -32.304412   -10.598643
   -7.717431   -32.454167   -10.759135
    4.768636   -29.550052   -18.703217
    6.751693   -29.037112   -19.643266
   31.357105   -27.264134   -15.812756
    9.280149   -28.261155   -20.982991
   20.098991   -26.904673   -20.982991
   27.542980   -26.221932   -20.251284
   31.477629   -27.233103   -15.784022
   44.378641   -24.651833    -9.256932
   37.756969   -24.755973   -15.784022
   40.612986   -23.952212   -14.943706
   44.099736   -24.267609   -10.543284
   45.602435   -24.392415    -7.868177
   45.816859   -23.837398    -8.739399
   44.865205   -23.708185   -10.543284
   45.580652   -23.612486    -9.609007
   46.494262   -23.600012    -7.726614
   46.649478   -22.936014    -8.517839
   46.025138   -23.060820    -9.609007
   46.511825   -22.845342    -8.956739
   47.407376   -22.621609    -6.978399
   47.460935   -21.533916    -8.018118
   46.824492   -22.126481    -8.956739
   47.607276   -21.313225    -7.822065
   48.316269   -18.837832    -6.802205
   47.831629   -19.690311    -7.822065
   45.030847   -19.690311   -12.562834
   42.694783   -19.175820   -16.396695
   42.545773   -18.965059   -16.599636
   39.741578   -15.946812   -20.244519
   38.950850   -15.006267   -21.248740
   37.734130   -12.561471   -22.531306
   36.167569    -3.141500   -22.531306
   36.067836    -2.030720   -22.396757
   38.053376     1.511824   -18.320607
   42.088503     3.292994   -11.463287
   34.375972     8.385466   -18.320607
   39.654443    12.347609    -8.149875
   27.222680     8.727178   -25.641962
   21.076152    14.581023   -25.641962
   20.509405    25.342210   -14.077201
   23.950539    29.500343    -5.664615
   16.430524    27.321543   -14.077201
    7.848820    38.710360    -3.648851
    7.606531    39.156025    -3.175258
    7.604545    39.157762    -3.173583
    2.832187    39.877616    -3.173583
    0.154536    40.086019    -3.399860
   -2.236763    38.552413    -5.592747
   -4.230309    38.397258    -5.424250
  -22.867435    33.782848    -7.306022
  -26.032581    33.029419    -6.443054
  -20.635510    35.388011    -6.043191
  -32.807421    29.741887    -6.443054
  -32.977780    29.787875    -6.257304
  -41.526840    23.697575    -4.427291
  -41.564698    23.616584    -4.467383
  -43.133121    22.566625    -3.410038
  -47.273753    14.827035    -3.410100
  -47.725190    13.106933    -3.902497
  -48.675044    12.948304    -2.440510
  -45.235833     8.665489    -9.012967
  -45.418667     7.566128    -9.012967
  -47.083285     7.566128    -6.377579
  -47.244522     7.601627    -6.113010
  -42.398807    -0.049462   -11.788862
  -45.605845    -1.465089    -6.338853
  -43.283000     5.267425   -11.788862
  -41.658411    -0.414571   -12.538195
  -34.437658   -13.911251   -12.538195
  -35.435113   -17.259976    -8.704024
  -35.940854   -17.639607    -7.729469
  -28.600321   -26.842549    -5.226832
  -27.177991   -25.123875    -8.704024
  -11.427169   -31.965866    -9.860668
  -26.117233   -24.837336    -9.860668
    4.375724   -29.519518   -18.670014
   -1.985165   -28.559982   -18.670014
   12.182774   -26.399615   -23.644693
   16.601008   -26.055793   -23.271268
   27.628749   -25.756159   -21.004154
   19.934403   -25.552969   -23.271268
   26.221625   -25.040836   -22.546077
   32.743129   -24.538695   -19.609690
   40.662946   -23.725997   -15.235210
   33.460935   -24.190343   -19.609690
   38.051203   -23.020418   -18.083159
   40.944582   -23.606528   -15.102522
   44.356361   -23.223608   -11.859364
   44.393101   -22.926953   -12.155461
   42.443806   -22.178737   -15.102522
   43.339294   -22.135976   -14.185995
   45.293182   -22.746788   -11.050576
   45.262958   -22.114627   -11.557062
   43.716008   -21.431762   -14.185995
   45.661704   -22.048035   -10.943396
   42.639176   -19.510457   -16.396695
   36.559489   -11.312107   -23.597278
   34.643334    -7.599515   -25.029103
   33.893443    -6.451312   -25.547939
   32.907717    -1.731706   -25.547939
   31.763796    -0.866256   -26.263138
   27.212564     3.846709   -28.395081
   26.783779     4.417304   -28.524852
   27.183891     8.703532   -25.696018
   26.135669     4.920562   -28.769810
   23.312669     8.944270   -28.769810
   22.138586     9.439088   -29.325820
   20.785331    10.727861   -29.325820
   20.713029    10.883511   -29.248429
   20.516666    13.747286   -26.860916
   17.851489    12.704525   -29.248429
   17.725069    13.263205   -28.831499
   17.869921    13.523181   -28.524542
   -3.540804    17.291815   -28.831499
   -3.540804    30.086391   -15.165080
   -2.236763    35.582513    -9.030655
   -6.516413    13.681376   -32.085828
  -12.796746    12.491654   -32.085828
  -15.114378    14.071993   -29.928874
  -23.377023    28.897786   -12.420899
  -32.774901    29.693479    -6.513805
  -20.375720    10.723889   -29.928874
  -23.501395    11.643146   -27.393530
  -33.368210    21.040155   -13.728228
  -36.964313    20.816485   -10.872832
  -26.876558     6.832435   -27.393530
  -31.124060     5.960716   -24.374849
  -35.798112     8.323467   -19.118038
  -39.918512     7.933595   -15.009305
  -31.488176     4.217403   -24.374849
  -34.127535     4.217403   -21.689874
  -39.006887     5.267425   -16.503130
  -35.417550     0.444487   -19.575991
  -25.660955    -0.138707   -29.377207
  -25.588529    -0.485570   -29.377207
  -23.320919    -2.201203   -30.794883
  -23.810214    -7.442871   -27.335502
  -20.043131    -7.677092   -30.326627
  -21.808972    -2.511511   -31.869419
  -18.929186    -6.616210   -31.869419
  -19.538756   -15.033885   -24.193194
   -7.405385   -14.006578   -31.819645
  -17.779865    -6.278160   -32.801647
   -8.161855   -12.398746   -32.801647
   -4.972070   -16.137962   -30.771299
   -3.012286   -18.487370   -29.229004
   -1.971201   -28.467634   -18.779367
   11.214053   -24.378514   -25.815115
    3.699748   -19.758890   -29.229004
   10.942843   -24.049400   -26.111769
   12.182774   -25.204679   -25.027986
   17.573452   -24.820765   -24.531120
   18.734502   -24.600757   -24.531120
   25.150192   -24.168124   -23.695025
   26.235464   -24.908148   -22.684971
   30.650719   -23.952460   -21.376090
   38.136538   -21.775088   -19.121389
   33.444612   -22.174517   -21.376090
   37.230003   -21.301619   -20.037047
   37.822320   -21.475826   -19.556628
   41.442813   -21.569477   -16.496179
   41.232548   -19.316824   -17.982929
   39.873707   -18.551914   -19.556628
   40.790793   -19.015515   -18.525162
   38.571963   -16.820393   -21.248740
   31.868432    -4.650468   -26.772292
   31.856578    -4.637621   -26.779119
   30.995162    -2.893439   -27.148200
   27.907903     1.375226   -28.395081
   23.476016     6.416311   -29.852476
   21.992369     7.798487   -30.198097
   20.849999     8.066966   -30.599699
   18.269536    10.524484   -30.599699
   17.789055    10.628065   -30.742440
   17.721407    12.171726   -29.682985
   15.097067     8.713400   -32.548187
   11.711043     8.139888   -33.546015
    6.757341     8.401230   -34.242037
    4.530009     8.313537   -34.639356
   -5.847450     9.005028   -35.632964
   -6.504063     9.674674   -35.207841
   -6.516413     9.721654   -35.173025
  -12.634145    11.825546   -32.629178
  -10.719914     8.598834   -35.207841
  -11.496057     8.557936   -35.098737
  -12.286351     9.120028   -34.568606
  -12.725375     9.743314   -34.058272
  -19.960217    10.328183   -30.394895
  -16.579220     5.031590   -34.568606
  -19.663810     7.002422   -32.163095
  -26.429465     6.733384   -27.740827
  -16.218331     4.571341   -34.892754
  -17.567552    -0.224104   -34.892754
  -18.580151    -0.781976   -34.327186
  -21.131631    -0.781976   -32.640535
  -23.823929    -0.138707   -30.741199
  -21.785389    -2.506236   -31.887727
  -18.053247    -2.654626   -34.327186
  -17.357970    -3.045676   -34.610187
  -17.633648    -6.138893   -32.965614
  -13.546327    -5.808477   -35.035310
  -16.680567    -3.013404   -34.942217
  -16.415812    -3.075652   -35.035310
  -13.078630    -5.909265   -35.174204
   -9.834293    -9.068081   -34.401660
   -8.191707   -11.717184   -33.269344
   -1.386456   -14.904859   -32.262269
   -4.532177   -12.651088   -33.269344
   -0.703281   -15.268168   -32.079870
   16.126794   -23.704027   -25.615400
   21.330915   -22.375969   -25.615400
   24.568922   -22.205175   -25.160426
   25.216101   -22.665487   -24.726304
   29.116865   -21.824675   -23.567426
   35.034571   -16.188729   -23.567426
   35.612117   -16.053000   -23.364423
   36.831691   -16.832247   -22.413265
   38.352451   -16.771798   -21.419285
   35.679640   -14.891515   -23.535775
   36.514494   -11.924160   -23.535775
   22.992307     5.116429   -30.263324
   17.885374     6.112829   -32.093337
   17.088688     7.944704   -32.093337
    8.526471     6.914728   -34.566247
    2.595112     7.227395   -35.399736
    2.003540     7.460747   -35.399736
   -5.847450     8.029108   -36.128526
   -6.437347     7.375661   -36.383848
   -6.979828     7.336375   -36.333516
  -11.337924     5.617143   -36.333516
  -11.390552     5.614412   -36.326131
  -12.586109     4.475766   -36.326131
  -12.691614     4.435054   -36.302051
  -16.154718     4.547633   -34.926764
  -14.358342     0.602806   -36.302051
  -14.643702     0.487434   -36.209951
  -15.437471    -0.162539   -35.914476
  -15.642523    -0.224104   -35.823679
  -14.231799    -3.004654   -35.902560
  -14.236453    -2.923973   -35.914476
  -13.051199    -5.144293   -35.493201
  -13.777631    -3.437162   -35.902560
   -8.249548    -8.533171   -34.878666
   -9.058026    -6.719604   -35.493201
    0.101225   -15.209892   -32.005210
   10.241422   -11.209768   -32.005210
   11.230251   -11.157636   -31.866254
   24.353940   -16.206603   -27.661698
   25.226341   -15.869856   -27.462418
   29.841187    -5.259293   -27.462418
   17.817293     6.079874   -32.115990
    8.281886     6.079874   -34.733069
    6.427607     5.234036   -35.141001
   -1.029043     5.234036   -36.250229
   -1.874820     6.039472   -36.250229
   -6.437347     6.615591   -36.602926
   -7.792402     5.203563   -36.855765
   -9.140878     5.033328   -36.751564
  -11.962203     2.346367   -36.751564
  -13.389435     0.602806   -36.567923
  -12.041580     1.776020   -36.797862
  -13.329422     0.171850   -36.532982
  -10.787189    -2.642462   -36.471541
  -10.787189    -2.249363   -36.532982
   -9.058026    -6.080865   -35.677276
  -10.638675    -1.685284   -36.598954
   -4.158007     4.486813   -36.598954
   -7.792402     4.486813   -36.922854
  -10.638675     1.776020   -36.922854
     1      2      3
     1      3      4
     1      4      5
     1      5      6
     1      6      7
     4      8      9
     4      9     10
     4     10     11
     4     11      5
    12     13     14
    12     14     15
    12     15      9
    12      9      8
    12      8     16
    11     10     17
    11     17     18
    19     20     21
    19     21      1
    19      1      7
    19      7     22
    23     24      2
    23      2      1
    23      1     21
    25     24     23
    25     23     26
    25     26     27
    28     29      3
    28      3      2
    28      2     24
    28     24     25
    28     25     30
    31     16      8
    31      8      4
    31      4      3
    31      3     29
    32     33     34
    32     34     35
    32     35     36
    32     36     37
    32     37     38
    32     38     39
    32     39     40
    32     40     12
    32     12     16
    32     16     31
    39     41     42
    39     42     43
    39     43     44
    39     44     40
    40     44     45
    40     45     46
    40     46     13
    40     13     12
    47     46     45
    47     45     48
    47     48     49
    47     49     50
     9     15     51
     9     51     52
     9     52     17
     9     17     10
    18     17     52
    18     52     53
    18     53     54
    18     54     55
     6      5     11
     6     11     18
     6     18     55
     6     55     56
    57     20     19
    57     19     58
    59     26     23
    59     23     21
    59     21     20
    59     20     57
    60     27     26
    60     26     59
    60     59     61
    60     61     62
    63     30     25
    63     25     27
    63     27     60
    64     65     66
    64     66     28
    64     28     30
    64     30     63
    64     63     67
    68     69     70
    68     70     66
    68     66     65
    68     65     71
    66     70     72
    66     72     73
    66     73     74
    66     74     32
    66     32     31
    66     31     29
    66     29     28
    74     75     76
    74     76     33
    74     33     32
    76     77     78
    76     78     79
    76     79     34
    76     34     33
    34     79     80
    34     80     81
    34     81     82
    34     82     83
    34     83     35
    37     84     85
    37     85     38
    38     85     86
    38     86     87
    38     87     41
    38     41     39
    87     88     89
    87     89     90
    87     90     42
    87     42     41
    45     44     43
    45     43     91
    45     91     48
    48     91     92
    48     92     93
    48     93     49
    51     15     14
    51     14     94
    51     94     95
    53     52     51
    53     51     95
    53     95     96
    97     54     53
    97     53     96
    97     96     98
    97     98     99
    97     99    100
    56     55     54
    56     54     97
    56     97    101
    22      7      6
    22      6     56
    22     56    101
    22    101    102
   103    104    105
   103    105    106
   103    106    107
   108     61     59
   108     59     57
   108     57     58
   108     58    105
   108    105    104
   109     62     61
   109     61    108
   109    108    110
   111     67     63
   111     63     60
   111     60     62
   111     62    109
   112    113     64
   112     64     67
   112     67    111
   112    111    114
   115     71     65
   115     65     64
   115     64    113
   116    117     68
   116     68     71
   116     71    115
   116    115    118
   119    120    121
   119    121     69
   119     69     68
   119     68    117
   119    117    122
   121     72     70
   121     70     69
    73    123    124
    73    124     75
    73     75     74
   124    125    126
   124    126     77
   124     77     76
   124     76     75
   127    128    129
   127    129     78
   127     78     77
   127     77    126
    78    129    130
    78    130     80
    78     80     79
    80    130    131
    80    131     81
    35     83    132
    35    132    133
    35    133     36
    36    133    134
    36    134    135
    36    135     84
    36     84     37
   135    136    137
   135    137     86
   135     86     85
   135     85     84
    86    137    138
    86    138     88
    86     88     87
    89     88    138
    89    138    139
    42     90    140
    42    140     92
    42     92     91
    42     91     43
    93     92    140
    93    140    141
    93    141    142
   143     94     14
   143     14     13
   143     13     46
   143     46     47
    96     95     94
    96     94    143
    96    143    144
    96    144     98
   145     99     98
   145     98    144
   145    144    146
   145    146    147
   100     99    145
   100    145    148
   149    148    145
   149    145    147
   149    147    150
   149    150    151
   102    101     97
   102     97    100
   102    100    148
   102    148    149
   105     58     19
   105     19     22
   105     22    102
   105    102    149
   105    149    151
   105    151    152
   105    152    153
   105    153    154
   105    154    106
   155    154    153
   155    153    156
   155    156    157
   107    106    154
   107    154    155
   158    110    108
   158    108    104
   158    104    103
   159    114    111
   159    111    109
   159    109    110
   159    110    158
   160    161    112
   160    112    114
   160    114    159
   162    118    115
   162    115    113
   162    113    112
   162    112    161
   163    164    116
   163    116    118
   163    118    162
   165    122    117
   165    117    116
   165    116    164
   166    167    168
   166    168    169
   166    169    170
   166    170    119
   166    119    122
   166    122    165
   169    171    172
   169    172    170
   170    172    173
   170    173    120
   170    120    119
   173    174    123
   173    123     73
   173     73     72
   173     72    121
   173    121    120
   175    125    124
   175    124    123
   175    123    174
   176    177    178
   176    178    179
   176    179    180
   176    180    127
   176    127    126
   176    126    125
   176    125    175
   180    181    128
   180    128    127
   179    182    183
   179    183    184
   179    184    181
   179    181    180
   184    185    186
   184    186    131
   184    131    130
   184    130    129
   184    129    128
   184    128    181
   183    187    188
   183    188    185
   183    185    184
    81    131    186
    81    186    189
    81    189    190
    81    190     82
    82    190    191
    82    191    192
    82    192    132
    82    132     83
   132    192    193
   132    193    194
   132    194    134
   132    134    133
   134    194    195
   134    195    136
   134    136    135
   196    195    194
   196    194    193
   196    193    197
   196    197    198
   196    198    199
   139    138    137
   139    137    136
   139    136    195
   139    195    196
   139    196    200
   201    200    196
   201    196    199
   201    199    202
   201    202    203
   141    140     90
   141     90     89
   141     89    139
   141    139    200
   141    200    201
   204    142    141
   204    141    201
   204    201    203
   204    203    205
   204    205    206
    50     49     93
    50     93    142
    50    142    204
    50    204    207
   146    144    143
   146    143     47
   146     47     50
   146     50    207
   146    207    208
   209    210    211
   209    211    212
   150    147    146
   150    146    208
   150    208    210
   150    210    209
   150    209    213
   214    213    209
   214    209    212
   214    212    215
   214    215    216
   214    216    217
   214    217    218
   214    218    219
   214    219    220
   152    151    150
   152    150    213
   152    213    214
   152    214    221
   222    221    214
   222    214    220
   222    220    223
   222    223    224
   222    224    225
   156    153    152
   156    152    221
   156    221    222
   156    222    226
   227    226    222
   227    222    225
   227    225    228
   229    230    227
   229    227    228
   229    228    231
   229    231    232
   229    232    233
   229    233    234
   235    157    156
   235    156    226
   235    226    227
   235    227    230
   236    237    235
   236    235    230
   236    230    229
   236    229    238
   236    238    239
   240    241    242
   240    242    160
   240    160    159
   240    159    158
   240    158    103
   240    103    107
   240    107    155
   240    155    157
   240    157    235
   240    235    237
   243    244    245
   243    245    242
   243    242    241
   242    245    246
   242    246    163
   242    163    162
   242    162    161
   242    161    160
   247    248    246
   247    246    245
   247    245    244
   246    248    249
   246    249    166
   246    166    165
   246    165    164
   246    164    163
   250    251    252
   250    252    253
   250    253    254
   250    254    255
   250    255    167
   250    167    166
   250    166    249
   255    256    257
   255    257    168
   255    168    167
   254    258    256
   254    256    255
   259    260    261
   259    261    262
   259    262    263
   259    263    257
   259    257    256
   259    256    258
   168    257    263
   168    263    264
   168    264    171
   168    171    169
   263    262    265
   263    265    266
   263    266    267
   263    267    268
   263    268    264
   264    268    269
   264    269    270
   264    270    271
   264    271    272
   264    272    273
   264    273    274
   264    274    176
   264    176    175
   264    175    174
   264    174    173
   264    173    172
   264    172    171
   273    275    276
   273    276    274
   274    276    277
   274    277    278
   274    278    177
   274    177    176
   278    279    280
   278    280    281
   278    281    178
   278    178    177
   178    281    282
   178    282    283
   178    283    182
   178    182    179
   282    284    285
   282    285    286
   282    286    287
   282    287    283
   283    287    288
   283    288    187
   283    187    183
   283    183    182
   286    289    290
   286    290    291
   286    291    288
   286    288    287
   288    291    292
   288    292    293
   288    293    294
   288    294    188
   288    188    187
   186    185    188
   186    188    294
   186    294    295
   186    295    296
   186    296    189
   189    296    297
   189    297    298
   189    298    299
   189    299    191
   189    191    190
   191    299    300
   191    300    301
   191    301    197
   191    197    193
   191    193    192
   300    302    303
   300    303    304
   300    304    305
   300    305    301
   197    301    305
   197    305    306
   197    306    198
   306    305    304
   306    304    307
   306    307    308
   306    308    309
   199    198    306
   199    306    309
   199    309    310
   199    310    202
   310    309    308
   310    308    311
   310    311    312
   310    312    313
   203    202    310
   203    310    313
   203    313    314
   203    314    205
   314    313    312
   314    312    315
   206    205    314
   206    314    315
   206    315    316
   206    316    317
   206    317    318
   208    207    204
   208    204    206
   208    206    318
   208    318    319
   208    319    320
   208    320    211
   208    211    210
   215    320    319
   215    319    321
   215    321    322
   215    322    216
   212    211    320
   212    320    215
   217    323    324
   217    324    325
   217    325    218
   218    325    326
   218    326    327
   218    327    328
   218    328    219
   328    327    329
   328    329    330
   328    330    331
   328    331    332
   220    219    328
   220    328    332
   220    332    333
   220    333    223
   224    223    333
   224    333    334
   224    334    335
   224    335    336
   228    225    224
   228    224    336
   228    336    337
   228    337    231
   231    337    338
   231    338    232
   339    234    233
   339    233    340
   339    340    341
   342    238    229
   342    229    234
   342    234    339
   342    339    343
   344    239    238
   344    238    342
   344    342    345
   346    347    236
   346    236    239
   346    239    344
   348    349    240
   348    240    237
   348    237    236
   348    236    347
   350    351    352
   350    352    243
   350    243    241
   350    241    240
   350    240    349
   352    353    354
   352    354    247
   352    247    244
   352    244    243
   354    355    356
   354    356    250
   354    250    249
   354    249    248
   354    248    247
   356    357    251
   356    251    250
   358    252    251
   358    251    357
   358    357    359
   358    359    360
   361    362    253
   361    253    252
   361    252    358
   253    362    363
   253    363    259
   253    259    258
   253    258    254
   364    365    366
   364    366    260
   364    260    259
   364    259    363
   367    368    369
   367    369    261
   367    261    260
   367    260    366
   261    369    265
   261    265    262
   370    371    267
   370    267    266
   370    266    372
   370    372    373
   374    269    268
   374    268    267
   374    267    371
   374    371    375
   374    375    376
   271    377    378
   271    378    379
   271    379    272
   272    379    380
   272    380    381
   272    381    275
   272    275    273
   381    382    383
   381    383    277
   381    277    276
   381    276    275
   277    383    384
   277    384    385
   277    385    279
   277    279    278
   385    386    387
   385    387    388
   385    388    280
   385    280    279
   280    388    389
   280    389    284
   280    284    282
   280    282    281
   389    390    391
   389    391    392
   389    392    285
   389    285    284
   285    392    393
   285    393    289
   285    289    286
   393    394    395
   393    395    396
   393    396    290
   393    290    289
   290    396    397
   290    397    398
   290    398    292
   290    292    291
   292    398    399
   292    399    400
   292    400    293
   294    293    400
   294    400    401
   294    401    402
   294    402    403
   294    403    404
   294    404    295
   295    404    405
   295    405    406
   295    406    297
   295    297    296
   297    406    407
   297    407    408
   297    408    409
   297    409    298
   298    409    410
   298    410    302
   298    302    300
   298    300    299
   303    302    410
   303    410    411
   303    411    412
   307    304    303
   307    303    412
   307    412    413
   307    413    414
   414    413    415
   414    415    416
   311    308    307
   311    307    414
   311    414    416
   311    416    417
   311    417    418
   418    417    419
   418    419    420
   418    420    421
   418    421    422
   315    312    311
   315    311    418
   315    418    422
   315    422    423
   315    423    316
   423    422    421
   423    421    424
   423    424    425
   423    425    426
   317    316    423
   317    423    426
   317    426    427
   317    427    428
   317    428    429
   317    429    430
   319    318    317
   319    317    430
   319    430    431
   319    431    432
   319    432    321
   321    432    433
   321    433    434
   321    434    322
   216    322    434
   216    434    435
   216    435    323
   216    323    217
   435    436    437
   435    437    438
   435    438    324
   435    324    323
   324    438    439
   324    439    326
   324    326    325
   326    439    440
   326    440    441
   326    441    442
   326    442    329
   326    329    327
   330    329    442
   330    442    443
   444    331    330
   444    330    443
   444    443    445
   444    445    446
   444    446    447
   333    332    331
   333    331    444
   333    444    448
   333    448    334
   335    334    448
   335    448    449
   335    449    450
   335    450    451
   338    337    336
   338    336    335
   338    335    451
   338    451    452
   233    232    338
   233    338    452
   233    452    453
   233    453    454
   233    454    340
   341    340    454
   341    454    455
   341    455    456
   341    456    457
   458    343    339
   458    339    341
   458    341    457
   458    457    459
   460    345    342
   460    342    343
   460    343    458
   461    462    346
   461    346    344
   461    344    345
   461    345    460
   463    464    348
   463    348    347
   463    347    346
   463    346    462
   465    466    467
   465    467    350
   465    350    349
   465    349    348
   465    348    464
   467    468    469
   467    469    470
   467    470    351
   467    351    350
   470    471    472
   470    472    353
   470    353    352
   470    352    351
   472    473    474
   472    474    355
   472    355    354
   472    354    353
   475    359    357
   475    357    356
   475    356    355
   475    355    474
   475    474    476
   477    360    359
   477    359    475
   478    479    361
   478    361    358
   478    358    360
   478    360    477
   480    481    364
   480    364    363
   480    363    362
   480    362    361
   480    361    479
   482    365    364
   482    364    481
   482    481    483
   484    485    367
   484    367    366
   484    366    365
   484    365    482
   486    368    367
   486    367    485
   486    485    487
   372    266    265
   372    265    369
   372    369    368
   372    368    486
   372    486    488
   489    490    370
   489    370    373
   489    373    491
   489    491    492
   375    371    370
   375    370    490
   375    490    493
   494    495    496
   494    496    270
   494    270    269
   494    269    374
   270    496    497
   270    497    498
   270    498    377
   270    377    271
   378    499    500
   378    500    380
   378    380    379
   380    500    501
   380    501    502
   380    502    382
   380    382    381
   502    503    504
   502    504    384
   502    384    383
   502    383    382
   384    504    505
   384    505    506
   384    506    386
   384    386    385
   506    507    508
   506    508    387
   506    387    386
   387    508    509
   387    509    510
   387    510    390
   387    390    389
   387    389    388
   511    391    390
   511    390    510
   511    510    512
   513    514    394
   513    394    393
   513    393    392
   513    392    391
   513    391    511
   515    395    394
   515    394    514
   516    397    396
   516    396    395
   516    395    515
   516    515    517
   516    517    518
   519    520    399
   519    399    398
   519    398    397
   519    397    516
   400    399    520
   400    520    521
   400    521    522
   400    522    401
   401    522    523
   401    523    402
   403    524    525
   403    525    405
   403    405    404
   405    525    526
   405    526    527
   405    527    407
   405    407    406
   407    527    528
   407    528    529
   407    529    408
   408    529    530
   408    530    411
   408    411    410
   408    410    409
   412    411    530
   412    530    531
   412    531    532
   412    532    415
   412    415    413
   416    415    532
   416    532    533
   416    533    419
   416    419    417
   419    533    534
   419    534    535
   419    535    420
   421    420    535
   421    535    536
   421    536    424
   424    536    537
   424    537    538
   424    538    425
   426    425    538
   426    538    539
   426    539    427
   427    539    540
   427    540    541
   427    541    542
   427    542    543
   427    543    428
   428    543    544
   428    544    545
   428    545    429
   430    429    545
   430    545    546
   430    546    547
   430    547    431
   431    547    548
   431    548    549
   431    549    433
   431    433    432
   434    433    549
   434    549    550
   434    550    551
   434    551    436
   434    436    435
   551    552    553
   551    553    437
   551    437    436
   437    553    554
   437    554    440
   437    440    439
   437    439    438
   441    440    554
   441    554    555
   441    555    556
   441    556    557
   443    442    441
   443    441    557
   443    557    558
   443    558    559
   443    559    445
   560    559    558
   560    558    561
   560    561    562
   560    562    563
   446    445    559
   446    559    560
   564    447    446
   564    446    560
   564    560    563
   564    563    565
   564    565    566
   449    448    444
   449    444    447
   449    447    564
   449    564    567
   568    450    449
   568    449    567
   568    567    569
   452    451    450
   452    450    568
   452    568    570
   452    570    571
   452    571    453
   454    453    571
   454    571    572
   454    572    573
   454    573    455
   456    455    573
   456    573    574
   459    457    456
   459    456    574
   459    574    575
   459    575    576
   461    460    458
   461    458    459
   461    459    576
   461    576    577
   461    577    578
   578    579    580
   578    580    463
   578    463    462
   578    462    461
   580    581    582
   580    582    465
   580    465    464
   580    464    463
   582    583    584
   582    584    466
   582    466    465
   584    585    586
   584    586    468
   584    468    467
   584    467    466
   469    587    588
   469    588    589
   469    589    471
   469    471    470
   589    590    591
   589    591    473
   589    473    472
   589    472    471
   592    476    474
   592    474    473
   592    473    591
   592    591    593
   594    595    478
   594    478    477
   594    477    475
   594    475    476
   594    476    592
   596    597    480
   596    480    479
   596    479    478
   596    478    595
   598    483    481
   598    481    480
   598    480    597
   599    600    484
   599    484    482
   599    482    483
   599    483    598
   599    598    601
   602    487    485
   602    485    484
   602    484    600
   603    488    486
   603    486    487
   603    487    602
   603    602    604
   491    373    372
   491    372    488
   491    488    603
   491    603    605
   606    493    490
   606    490    489
   606    489    607
   608    376    375
   608    375    493
   608    493    606
   609    610    495
   609    495    494
   609    494    611
   497    496    495
   497    495    610
   497    610    612
   613    614    499
   613    499    378
   613    378    377
   613    377    498
   613    498    615
   616    501    500
   616    500    499
   616    499    614
   616    614    617
   618    619    503
   618    503    502
   618    502    501
   618    501    616
   620    505    504
   620    504    503
   620    503    619
   620    619    621
   622    507    506
   622    506    505
   622    505    620
   623    509    508
   623    508    507
   623    507    622
   623    622    624
   625    512    510
   625    510    509
   625    509    623
   625    623    626
   627    628    513
   627    513    511
   627    511    512
   627    512    625
   629    517    515
   629    515    514
   629    514    513
   629    513    628
   629    628    630
   631    518    517
   631    517    629
   632    633    519
   632    519    516
   632    516    518
   632    518    631
   632    631    634
   521    520    519
   521    519    633
   521    633    635
   636    523    522
   636    522    521
   636    521    635
   636    635    637
   638    524    403
   638    403    402
   638    402    523
   638    523    636
   638    636    639
   640    526    525
   640    525    524
   640    524    638
   640    638    641
   642    528    527
   642    527    526
   642    526    640
   643    644    531
   643    531    530
   643    530    529
   643    529    528
   643    528    642
   532    531    644
   532    644    645
   532    645    646
   532    646    647
   532    647    534
   532    534    533
   647    646    648
   647    648    649
   647    649    650
   535    534    647
   535    647    650
   535    650    651
   535    651    537
   535    537    536
   651    650    649
   651    649    652
   651    652    653
   651    653    654
   538    537    651
   538    651    654
   538    654    540
   538    540    539
   541    655    656
   541    656    657
   541    657    658
   541    658    542
   542    658    659
   542    659    544
   542    544    543
   545    544    659
   545    659    660
   545    660    661
   545    661    546
   662    548    547
   662    547    546
   662    546    661
   662    661    663
   662    663    664
   662    664    665
   549    548    662
   549    662    666
   549    666    550
   667    552    551
   667    551    550
   667    550    666
   667    666    668
   555    554    553
   555    553    552
   555    552    667
   555    667    669
   670    556    555
   670    555    669
   670    669    671
   670    671    672
   558    557    556
   558    556    670
   558    670    673
   558    673    561
   674    673    670
   674    670    672
   674    672    675
   674    675    676
   674    676    677
   562    561    673
   562    673    674
   562    674    678
   679    678    674
   679    674    677
   679    677    680
   565    563    562
   565    562    678
   565    678    679
   565    679    681
   682    566    565
   682    565    681
   682    681    683
   569    567    564
   569    564    566
   569    566    682
   569    682    684
   569    684    685
   686    570    568
   686    568    569
   686    569    685
   686    685    687
   572    571    570
   572    570    686
   572    686    688
   574    573    572
   574    572    688
   574    688    689
   574    689    575
   576    575    689
   576    689    690
   576    690    577
   577    690    691
   577    691    692
   577    692    693
   577    693    579
   577    579    578
   579    693    694
   579    694    695
   579    695    696
   579    696    581
   579    581    580
   696    697    583
   696    583    582
   696    582    581
   698    585    584
   698    584    583
   698    583    697
   699    587    469
   699    469    468
   699    468    586
   700    590    589
   700    589    588
   700    588    701
   593    591    590
   593    590    700
   702    703    596
   702    596    595
   702    595    594
   704    601    598
   704    598    597
   704    597    596
   704    596    703
   705    706    707
   705    707    599
   705    599    601
   705    601    704
   708    604    602
   708    602    600
   708    600    599
   708    599    707
   709    605    603
   709    603    604
   709    604    708
   709    708    710
   711    492    491
   711    491    605
   711    605    709
   712    713    608
   712    608    606
   712    606    607
   712    607    714
   715    611    494
   715    494    374
   715    374    376
   715    376    608
   715    608    713
   716    717    612
   716    612    610
   716    610    609
   718    615    498
   718    498    497
   718    497    612
   718    612    717
   718    717    719
   720    617    614
   720    614    613
   720    613    721
   722    723    618
   722    618    616
   722    616    617
   722    617    720
   724    621    619
   724    619    618
   724    618    723
   725    624    622
   725    622    620
   725    620    621
   725    621    724
   725    724    726
   727    626    623
   727    623    624
   727    624    725
   728    729    627
   728    627    625
   728    625    626
   728    626    727
   730    630    628
   730    628    627
   730    627    729
   730    729    731
   732    634    631
   732    631    629
   732    629    630
   732    630    730
   733    734    632
   733    632    634
   733    634    732
   733    732    735
   637    635    633
   637    633    632
   637    632    734
   637    734    736
   737    639    636
   737    636    637
   737    637    736
   737    736    738
   739    641    638
   739    638    639
   739    639    737
   740    741    643
   740    643    642
   740    642    640
   740    640    641
   740    641    739
   645    644    643
   645    643    741
   645    741    742
   645    742    743
   645    743    744
   745    648    646
   745    646    645
   745    645    744
   745    744    746
   747    652    649
   747    649    648
   747    648    745
   653    652    747
   653    747    748
   653    748    749
   540    654    653
   540    653    749
   540    749    655
   540    655    541
   750    657    656
   750    656    751
   750    751    752
   750    752    753
   659    658    657
   659    657    750
   659    750    660
   664    663    754
   664    754    755
   756    665    664
   756    664    755
   756    755    757
   756    757    758
   756    758    759
   668    666    662
   668    662    665
   668    665    756
   668    756    760
   761    671    669
   761    669    667
   761    667    668
   761    668    760
   761    760    762
   761    762    763
   761    763    764
   672    671    761
   672    761    765
   672    765    675
   766    765    761
   766    761    764
   766    764    767
   766    767    768
   676    675    765
   676    765    766
   676    766    769
   770    769    766
   770    766    768
   770    768    771
   770    771    772
   680    677    676
   680    676    769
   680    769    770
   680    770    773
   774    773    770
   774    770    772
   774    772    775
   683    681    679
   683    679    680
   683    680    773
   683    773    774
   683    774    776
   777    684    682
   777    682    683
   777    683    776
   777    776    778
   687    685    684
   687    684    777
   689    688    686
   689    686    687
   689    687    777
   689    777    778
   689    778    779
   689    779    780
   689    780    781
   689    781    691
   689    691    690
   691    781    782
   691    782    783
   691    783    784
   691    784    785
   691    785    786
   691    786    787
   691    787    788
   691    788    692
   692    788    694
   692    694    693
   694    788    787
   694    787    789
   694    789    790
   694    790    695
   695    790    698
   695    698    697
   695    697    696
   789    791    792
   789    792    793
   789    793    794
   789    794    699
   789    699    586
   789    586    585
   789    585    698
   789    698    790
   794    701    588
   794    588    587
   794    587    699
   793    795    796
   793    796    797
   793    797    702
   793    702    594
   793    594    592
   793    592    593
   793    593    700
   793    700    701
   793    701    794
   797    798    705
   797    705    704
   797    704    703
   797    703    702
   799    706    705
   799    705    798
   800    710    708
   800    708    707
   800    707    706
   800    706    799
   801    802    711
   801    711    709
   801    709    710
   801    710    800
   714    607    489
   714    489    492
   714    492    711
   714    711    802
   803    804    715
   803    715    713
   803    713    712
   803    712    805
   806    807    716
   806    716    609
   806    609    611
   806    611    715
   806    715    804
   719    717    716
   719    716    807
   808    721    613
   808    613    615
   808    615    718
   809    810    722
   809    722    720
   809    720    721
   809    721    808
   811    726    724
   811    724    723
   811    723    722
   811    722    810
   812    813    728
   812    728    727
   812    727    725
   812    725    726
   812    726    811
   814    815    816
   814    816    817
   814    817    813
   814    813    812
   817    731    729
   817    729    728
   817    728    813
   816    735    732
   816    732    730
   816    730    731
   816    731    817
   818    819    733
   818    733    735
   818    735    816
   818    816    815
   818    815    820
   738    736    734
   738    734    733
   738    733    819
   821    822    823
   821    823    824
   821    824    740
   821    740    739
   821    739    737
   821    737    738
   821    738    819
   821    819    818
   824    742    741
   824    741    740
   825    743    742
   825    742    824
   825    824    823
   825    823    826
   746    744    743
   746    743    825
   827    748    747
   827    747    745
   827    745    746
   827    746    825
   827    825    826
   827    826    828
   751    656    655
   751    655    749
   751    749    748
   751    748    827
   829    753    752
   829    752    830
   661    660    750
   661    750    753
   661    753    829
   661    829    754
   661    754    663
   758    757    831
   758    831    832
   833    759    758
   833    758    832
   833    832    834
   833    834    835
   762    760    756
   762    756    759
   762    759    833
   762    833    836
   837    763    762
   837    762    836
   837    836    838
   837    838    839
   767    764    763
   767    763    837
   767    837    840
   767    840    841
   842    841    840
   842    840    843
   842    843    844
   771    768    767
   771    767    841
   771    841    842
   771    842    845
   846    845    842
   846    842    844
   846    844    847
   775    772    771
   775    771    845
   775    845    846
   775    846    848
   779    848    846
   779    846    847
   779    847    849
   779    849    780
   778    776    774
   778    774    775
   778    775    848
   778    848    779
   784    850    851
   784    851    785
   785    851    852
   785    852    853
   785    853    786
   786    853    854
   786    854    855
   786    855    856
   786    856    857
   786    857    791
   786    791    789
   786    789    787
   856    858    859
   856    859    857
   857    859    860
   857    860    861
   857    861    862
   857    862    863
   857    863    792
   857    792    791
   862    864    865
   862    865    866
   862    866    863
   792    863    866
   792    866    795
   792    795    793
   866    865    867
   866    867    868
   866    868    869
   866    869    796
   866    796    795
   796    869    801
   796    801    800
   796    800    799
   796    799    798
   796    798    797
   868    805    712
   868    712    714
   868    714    802
   868    802    801
   868    801    869
   867    870    871
   867    871    872
   867    872    873
   867    873    803
   867    803    805
   867    805    868
   873    874    806
   873    806    804
   873    804    803
   872    875    876
   872    876    877
   872    877    874
   872    874    873
   877    878    809
   877    809    808
   877    808    718
   877    718    719
   877    719    807
   877    807    806
   877    806    874
   876    879    880
   876    880    881
   876    881    878
   876    878    877
   881    882    814
   881    814    812
   881    812    811
   881    811    810
   881    810    809
   881    809    878
   880    883    884
   880    884    885
   880    885    882
   880    882    881
   885    820    815
   885    815    814
   885    814    882
   884    886    821
   884    821    818
   884    818    820
   884    820    885
   887    888    886
   887    886    884
   887    884    883
   889    890    822
   889    822    821
   889    821    886
   889    886    888
   891    890    889
   891    889    892
   891    892    893
   828    826    823
   828    823    822
   828    822    890
   828    890    891
   828    891    894
   895    894    891
   895    891    893
   895    893    896
   895    896    897
   830    752    751
   830    751    827
   830    827    828
   830    828    894
   830    894    895
   830    895    898
   830    898    899
   830    899    900
   901    900    899
   901    899    902
   901    902    903
   755    754    829
   755    829    830
   755    830    900
   755    900    901
   755    901    904
   755    904    831
   755    831    757
   832    831    904
   832    904    905
   832    905    834
   835    834    905
   835    905    906
   835    906    907
   835    907    908
   838    836    833
   838    833    835
   838    835    908
   838    908    909
   910    839    838
   910    838    909
   910    909    911
   910    911    912
   910    912    913
   843    840    837
   843    837    839
   843    839    910
   843    910    914
   915    914    910
   915    910    913
   915    913    916
   915    916    917
   847    844    843
   847    843    914
   847    914    915
   847    915    849
   782    917    916
   782    916    918
   782    918    783
   780    849    915
   780    915    917
   780    917    782
   780    782    781
   852    919    920
   852    920    921
   852    921    854
   852    854    853
   854    921    922
   854    922    855
   923    924    860
   923    860    859
   923    859    858
   860    924    925
   860    925    926
   860    926    861
   861    926    927
   861    927    928
   861    928    864
   861    864    862
   927    929    930
   927    930    931
   927    931    928
   928    931    932
   928    932    933
   928    933    934
   928    934    935
   928    935    870
   928    870    867
   928    867    865
   928    865    864
   935    936    871
   935    871    870
   934    937    938
   934    938    939
   934    939    940
   934    940    936
   934    936    935
   871    936    940
   871    940    941
   871    941    875
   871    875    872
   939    942    943
   939    943    941
   939    941    940
   941    943    944
   941    944    879
   941    879    876
   941    876    875
   945    946    947
   945    947    948
   945    948    949
   945    949    944
   945    944    943
   945    943    942
   944    949    887
   944    887    883
   944    883    880
   944    880    879
   948    950    892
   948    892    889
   948    889    888
   948    888    887
   948    887    949
   947    951    950
   947    950    948
   893    892    950
   893    950    951
   893    951    952
   893    952    953
   893    953    896
   954    953    952
   954    952    955
   954    955    956
   897    896    953
   897    953    954
   897    954    957
   897    957    958
   897    958    959
   960    898    895
   960    895    897
   960    897    959
   960    959    961
   902    899    898
   902    898    960
   902    960    962
   905    904    901
   905    901    903
   905    903    963
   905    963    906
   907    906    963
   907    963    964
   907    964    965
   907    965    966
   909    908    907
   909    907    966
   909    966    967
   909    967    911
   912    911    967
   912    967    968
   912    968    969
   912    969    970
   916    913    912
   916    912    970
   916    970    971
   916    971    918
   971    970    969
   971    969    972
   971    972    973
   783    918    971
   783    971    973
   783    973    850
   783    850    784
   855    922    974
   855    974    923
   855    923    858
   855    858    856
   974    975    976
   974    976    925
   974    925    924
   974    924    923
   976    929    927
   976    927    926
   976    926    925
   977    978    979
   977    979    932
   977    932    931
   977    931    930
   932    979    980
   932    980    933
   933    980    981
   933    981    982
   933    982    937
   933    937    934
   982    983    984
   982    984    938
   982    938    937
   938    984    985
   938    985    986
   938    986    987
   938    987    945
   938    945    942
   938    942    939
   986    988    989
   986    989    987
   987    989    990
   987    990    991
   987    991    946
   987    946    945
   955    952    951
   955    951    947
   955    947    946
   955    946    991
   992    956    955
   992    955    991
   992    991    990
   992    990    993
   994    957    954
   994    954    956
   994    956    992
   994    992    995
   996    958    957
   996    957    994
   996    994    997
   961    959    958
   961    958    996
   963    903    902
   963    902    962
   963    962    998
   963    998    964
   965    964    998
   965    998    999
   965    999   1000
   965   1000   1001
   967    966    965
   967    965   1001
   967   1001   1002
   967   1002    968
   969    968   1002
   969   1002   1003
   969   1003    920
   969    920    919
   969    919    972
   973    972    919
   973    919    852
   973    852    851
   973    851    850
  1004   1005    977
  1004    977    930
  1004    930    929
  1004    929    976
  1004    976    975
  1006   1007   1008
  1006   1008    978
  1006    978    977
  1006    977   1005
  1008   1009    981
  1008    981    980
  1008    980    979
  1008    979    978
   981   1009   1010
   981   1010   1011
   981   1011    983
   981    983    982
  1011   1012    985
  1011    985    984
  1011    984    983
  1013    988    986
  1013    986    985
  1013    985   1012
  1013   1012   1014
   993    990    989
   993    989    988
   993    988   1013
   993   1013   1015
  1016    995    992
  1016    992    993
  1016    993   1015
  1016   1015   1017
  1018    997    994
  1018    994    995
  1018    995   1016
   998    962    960
   998    960    961
   998    961    996
   998    996    997
   998    997   1018
   998   1018    999
  1000    999   1018
  1000   1018   1016
  1000   1016   1017
  1000   1017   1019
  1000   1019   1020
  1000   1020   1007
  1000   1007   1006
  1002   1001   1000
  1002   1000   1006
  1002   1006   1005
  1002   1005   1004
  1002   1004   1003
  1020   1021   1010
  1020   1010   1009
  1020   1009   1008
  1020   1008   1007
  1014   1012   1011
  1014   1011   1010
  1014   1010   1021
  1014   1021   1022
  1017   1015   1013
  1017   1013   1014
  1017   1014   1022
  1017   1022   1019
  1019   1022   1021
  1019   1021   1020
   920   1003   1004
   920   1004    975
   920    975    974
   920    974    922
   920    922    921
